0 0.01 0.0855837
0.111111 0.01 1.95971
0.222222 0.01 13.5421
0.333333 0.01 44.4088
0.444444 0.01 104.197
0.555556 0.01 202.547
0.666667 0.01 349.099
0.777778 0.01 553.492
0.888889 0.01 825.367
1 0.01 1174.44
0 0.02 0.0855866
0.111111 0.02 1.95983
0.222222 0.02 13.543
0.333333 0.02 44.4117
0.444444 0.02 104.204
0.555556 0.02 202.561
0.666667 0.02 349.122
0.777778 0.02 553.529
0.888889 0.02 825.422
1 0.02 1174.6
0 0.03 0.0855895
0.111111 0.03 1.95995
0.222222 0.03 13.5438
0.333333 0.03 44.4147
0.444444 0.03 104.211
0.555556 0.03 202.574
0.666667 0.03 349.145
0.777778 0.03 553.566
0.888889 0.03 825.477
1 0.03 1174.76
0 0.04 0.0855924
0.111111 0.04 1.96008
0.222222 0.04 13.5447
0.333333 0.04 44.4176
0.444444 0.04 104.218
0.555556 0.04 202.588
0.666667 0.04 349.168
0.777778 0.04 553.602
0.888889 0.04 825.532
1 0.04 1174.91
0 0.05 0.0855953
0.111111 0.05 1.9602
0.222222 0.05 13.5456
0.333333 0.05 44.4205
0.444444 0.05 104.225
0.555556 0.05 202.601
0.666667 0.05 349.192
0.777778 0.05 553.639
0.888889 0.05 825.587
1 0.05 1175.07
0 0.06 0.0855982
0.111111 0.06 1.96032
0.222222 0.06 13.5465
0.333333 0.06 44.4235
0.444444 0.06 104.232
0.555556 0.06 202.615
0.666667 0.06 349.215
0.777778 0.06 553.676
0.888889 0.06 825.643
1 0.06 1175.22
0 0.07 0.0856011
0.111111 0.07 1.96045
0.222222 0.07 13.5474
0.333333 0.07 44.4264
0.444444 0.07 104.239
0.555556 0.07 202.628
0.666667 0.07 349.238
0.777778 0.07 553.713
0.888889 0.07 825.698
1 0.07 1175.38
0 0.08 0.085604
0.111111 0.08 1.96057
0.222222 0.08 13.5483
0.333333 0.08 44.4293
0.444444 0.08 104.246
0.555556 0.08 202.641
0.666667 0.08 349.261
0.777778 0.08 553.75
0.888889 0.08 825.753
1 0.08 1175.54
0 0.09 0.0856069
0.111111 0.09 1.96069
0.222222 0.09 13.5492
0.333333 0.09 44.4323
0.444444 0.09 104.253
0.555556 0.09 202.655
0.666667 0.09 349.285
0.777778 0.09 553.787
0.888889 0.09 825.809
1 0.09 1175.69
0 0.1 0.0856098
0.111111 0.1 1.96082
0.222222 0.1 13.5501
0.333333 0.1 44.4352
0.444444 0.1 104.26
0.555556 0.1 202.668
0.666667 0.1 349.308
0.777778 0.1 553.824
0.888889 0.1 825.864
1 0.1 1175.85
0 0.11 0.0856127
0.111111 0.11 1.96094
0.222222 0.11 13.551
0.333333 0.11 44.4382
0.444444 0.11 104.266
0.555556 0.11 202.682
0.666667 0.11 349.331
0.777778 0.11 553.86
0.888889 0.11 825.92
1 0.11 1176.01
0 0.12 0.0856156
0.111111 0.12 1.96106
0.222222 0.12 13.5518
0.333333 0.12 44.4411
0.444444 0.12 104.273
0.555556 0.12 202.695
0.666667 0.12 349.354
0.777778 0.12 553.897
0.888889 0.12 825.976
1 0.12 1176.16
0 0.13 0.0856185
0.111111 0.13 1.96119
0.222222 0.13 13.5527
0.333333 0.13 44.4441
0.444444 0.13 104.28
0.555556 0.13 202.709
0.666667 0.13 349.378
0.777778 0.13 553.934
0.888889 0.13 826.031
1 0.13 1176.32
0 0.14 0.0856214
0.111111 0.14 1.96131
0.222222 0.14 13.5536
0.333333 0.14 44.447
0.444444 0.14 104.287
0.555556 0.14 202.722
0.666667 0.14 349.401
0.777778 0.14 553.971
0.888889 0.14 826.087
1 0.14 1176.48
0 0.15 0.0856243
0.111111 0.15 1.96143
0.222222 0.15 13.5545
0.333333 0.15 44.4499
0.444444 0.15 104.294
0.555556 0.15 202.736
0.666667 0.15 349.424
0.777778 0.15 554.008
0.888889 0.15 826.143
1 0.15 1176.64
0 0.16 0.0856272
0.111111 0.16 1.96156
0.222222 0.16 13.5554
0.333333 0.16 44.4529
0.444444 0.16 104.301
0.555556 0.16 202.749
0.666667 0.16 349.447
0.777778 0.16 554.045
0.888889 0.16 826.199
1 0.16 1176.79
0 0.17 0.0856301
0.111111 0.17 1.96168
0.222222 0.17 13.5563
0.333333 0.17 44.4558
0.444444 0.17 104.308
0.555556 0.17 202.763
0.666667 0.17 349.471
0.777778 0.17 554.082
0.888889 0.17 826.255
1 0.17 1176.95
0 0.18 0.085633
0.111111 0.18 1.9618
0.222222 0.18 13.5572
0.333333 0.18 44.4588
0.444444 0.18 104.315
0.555556 0.18 202.776
0.666667 0.18 349.494
0.777778 0.18 554.119
0.888889 0.18 826.311
1 0.18 1177.11
0 0.19 0.0856359
0.111111 0.19 1.96193
0.222222 0.19 13.5581
0.333333 0.19 44.4617
0.444444 0.19 104.322
0.555556 0.19 202.79
0.666667 0.19 349.517
0.777778 0.19 554.156
0.888889 0.19 826.367
1 0.19 1177.26
0 0.2 0.0856388
0.111111 0.2 1.96205
0.222222 0.2 13.559
0.333333 0.2 44.4647
0.444444 0.2 104.329
0.555556 0.2 202.803
0.666667 0.2 349.54
0.777778 0.2 554.193
0.888889 0.2 826.423
1 0.2 1177.42
0 0.21 0.0856417
0.111111 0.21 1.96218
0.222222 0.21 13.5598
0.333333 0.21 44.4676
0.444444 0.21 104.336
0.555556 0.21 202.817
0.666667 0.21 349.564
0.777778 0.21 554.23
0.888889 0.21 826.479
1 0.21 1177.58
0 0.22 0.0856446
0.111111 0.22 1.9623
0.222222 0.22 13.5607
0.333333 0.22 44.4705
0.444444 0.22 104.343
0.555556 0.22 202.83
0.666667 0.22 349.587
0.777778 0.22 554.267
0.888889 0.22 826.535
1 0.22 1177.73
0 0.23 0.0856475
0.111111 0.23 1.96242
0.222222 0.23 13.5616
0.333333 0.23 44.4735
0.444444 0.23 104.35
0.555556 0.23 202.844
0.666667 0.23 349.61
0.777778 0.23 554.303
0.888889 0.23 826.592
1 0.23 1177.89
0 0.24 0.0856504
0.111111 0.24 1.96255
0.222222 0.24 13.5625
0.333333 0.24 44.4764
0.444444 0.24 104.357
0.555556 0.24 202.857
0.666667 0.24 349.634
0.777778 0.24 554.34
0.888889 0.24 826.648
1 0.24 1178.05
0 0.25 0.0856533
0.111111 0.25 1.96267
0.222222 0.25 13.5634
0.333333 0.25 44.4794
0.444444 0.25 104.363
0.555556 0.25 202.871
0.666667 0.25 349.657
0.777778 0.25 554.377
0.888889 0.25 826.704
1 0.25 1178.21
0 0.26 0.0856562
0.111111 0.26 1.96279
0.222222 0.26 13.5643
0.333333 0.26 44.4823
0.444444 0.26 104.37
0.555556 0.26 202.884
0.666667 0.26 349.68
0.777778 0.26 554.414
0.888889 0.26 826.761
1 0.26 1178.36
0 0.27 0.0856591
0.111111 0.27 1.96292
0.222222 0.27 13.5652
0.333333 0.27 44.4853
0.444444 0.27 104.377
0.555556 0.27 202.898
0.666667 0.27 349.703
0.777778 0.27 554.451
0.888889 0.27 826.817
1 0.27 1178.52
0 0.28 0.085662
0.111111 0.28 1.96304
0.222222 0.28 13.5661
0.333333 0.28 44.4882
0.444444 0.28 104.384
0.555556 0.28 202.911
0.666667 0.28 349.727
0.777778 0.28 554.488
0.888889 0.28 826.874
1 0.28 1178.68
0 0.29 0.085665
0.111111 0.29 1.96316
0.222222 0.29 13.567
0.333333 0.29 44.4912
0.444444 0.29 104.391
0.555556 0.29 202.925
0.666667 0.29 349.75
0.777778 0.29 554.525
0.888889 0.29 826.931
1 0.29 1178.84
0 0.3 0.0856679
0.111111 0.3 1.96329
0.222222 0.3 13.5679
0.333333 0.3 44.4941
0.444444 0.3 104.398
0.555556 0.3 202.938
0.666667 0.3 349.773
0.777778 0.3 554.562
0.888889 0.3 826.987
1 0.3 1178.99
0 0.31 0.0856708
0.111111 0.31 1.96341
0.222222 0.31 13.5687
0.333333 0.31 44.4971
0.444444 0.31 104.405
0.555556 0.31 202.952
0.666667 0.31 349.797
0.777778 0.31 554.599
0.888889 0.31 827.044
1 0.31 1179.15
0 0.32 0.0856737
0.111111 0.32 1.96354
0.222222 0.32 13.5696
0.333333 0.32 44.5
0.444444 0.32 104.412
0.555556 0.32 202.965
0.666667 0.32 349.82
0.777778 0.32 554.636
0.888889 0.32 827.101
1 0.32 1179.31
0 0.33 0.0856766
0.111111 0.33 1.96366
0.222222 0.33 13.5705
0.333333 0.33 44.503
0.444444 0.33 104.419
0.555556 0.33 202.979
0.666667 0.33 349.843
0.777778 0.33 554.673
0.888889 0.33 827.158
1 0.33 1179.46
0 0.34 0.0856795
0.111111 0.34 1.96378
0.222222 0.34 13.5714
0.333333 0.34 44.5059
0.444444 0.34 104.426
0.555556 0.34 202.992
0.666667 0.34 349.867
0.777778 0.34 554.71
0.888889 0.34 827.215
1 0.34 1179.62
0 0.35 0.0856824
0.111111 0.35 1.96391
0.222222 0.35 13.5723
0.333333 0.35 44.5089
0.444444 0.35 104.433
0.555556 0.35 203.006
0.666667 0.35 349.89
0.777778 0.35 554.747
0.888889 0.35 827.272
1 0.35 1179.78
0 0.36 0.0856853
0.111111 0.36 1.96403
0.222222 0.36 13.5732
0.333333 0.36 44.5118
0.444444 0.36 104.44
0.555556 0.36 203.019
0.666667 0.36 349.913
0.777778 0.36 554.784
0.888889 0.36 827.329
1 0.36 1179.94
0 0.37 0.0856882
0.111111 0.37 1.96415
0.222222 0.37 13.5741
0.333333 0.37 44.5148
0.444444 0.37 104.447
0.555556 0.37 203.033
0.666667 0.37 349.937
0.777778 0.37 554.821
0.888889 0.37 827.386
1 0.37 1180.1
0 0.38 0.0856911
0.111111 0.38 1.96428
0.222222 0.38 13.575
0.333333 0.38 44.5177
0.444444 0.38 104.454
0.555556 0.38 203.046
0.666667 0.38 349.96
0.777778 0.38 554.858
0.888889 0.38 827.443
1 0.38 1180.25
0 0.39 0.085694
0.111111 0.39 1.9644
0.222222 0.39 13.5759
0.333333 0.39 44.5207
0.444444 0.39 104.461
0.555556 0.39 203.06
0.666667 0.39 349.983
0.777778 0.39 554.895
0.888889 0.39 827.501
1 0.39 1180.41
0 0.4 0.085697
0.111111 0.4 1.96453
0.222222 0.4 13.5768
0.333333 0.4 44.5236
0.444444 0.4 104.468
0.555556 0.4 203.073
0.666667 0.4 350.007
0.777778 0.4 554.932
0.888889 0.4 827.558
1 0.4 1180.57
0 0.41 0.0856999
0.111111 0.41 1.96465
0.222222 0.41 13.5777
0.333333 0.41 44.5266
0.444444 0.41 104.475
0.555556 0.41 203.087
0.666667 0.41 350.03
0.777778 0.41 554.969
0.888889 0.41 827.615
1 0.41 1180.73
0 0.42 0.0857028
0.111111 0.42 1.96477
0.222222 0.42 13.5785
0.333333 0.42 44.5295
0.444444 0.42 104.481
0.555556 0.42 203.101
0.666667 0.42 350.053
0.777778 0.42 555.006
0.888889 0.42 827.673
1 0.42 1180.88
0 0.43 0.0857057
0.111111 0.43 1.9649
0.222222 0.43 13.5794
0.333333 0.43 44.5325
0.444444 0.43 104.488
0.555556 0.43 203.114
0.666667 0.43 350.077
0.777778 0.43 555.043
0.888889 0.43 827.73
1 0.43 1181.04
0 0.44 0.0857086
0.111111 0.44 1.96502
0.222222 0.44 13.5803
0.333333 0.44 44.5354
0.444444 0.44 104.495
0.555556 0.44 203.128
0.666667 0.44 350.1
0.777778 0.44 555.08
0.888889 0.44 827.788
1 0.44 1181.2
0 0.45 0.0857115
0.111111 0.45 1.96514
0.222222 0.45 13.5812
0.333333 0.45 44.5384
0.444444 0.45 104.502
0.555556 0.45 203.141
0.666667 0.45 350.123
0.777778 0.45 555.117
0.888889 0.45 827.846
1 0.45 1181.36
0 0.46 0.0857144
0.111111 0.46 1.96527
0.222222 0.46 13.5821
0.333333 0.46 44.5413
0.444444 0.46 104.509
0.555556 0.46 203.155
0.666667 0.46 350.147
0.777778 0.46 555.155
0.888889 0.46 827.903
1 0.46 1181.52
0 0.47 0.0857173
0.111111 0.47 1.96539
0.222222 0.47 13.583
0.333333 0.47 44.5443
0.444444 0.47 104.516
0.555556 0.47 203.168
0.666667 0.47 350.17
0.777778 0.47 555.192
0.888889 0.47 827.961
1 0.47 1181.67
0 0.48 0.0857203
0.111111 0.48 1.96552
0.222222 0.48 13.5839
0.333333 0.48 44.5472
0.444444 0.48 104.523
0.555556 0.48 203.182
0.666667 0.48 350.193
0.777778 0.48 555.229
0.888889 0.48 828.019
1 0.48 1181.83
0 0.49 0.0857232
0.111111 0.49 1.96564
0.222222 0.49 13.5848
0.333333 0.49 44.5502
0.444444 0.49 104.53
0.555556 0.49 203.195
0.666667 0.49 350.217
0.777778 0.49 555.266
0.888889 0.49 828.077
1 0.49 1181.99
0 0.5 0.0857261
0.111111 0.5 1.96576
0.222222 0.5 13.5857
0.333333 0.5 44.5531
0.444444 0.5 104.537
0.555556 0.5 203.209
0.666667 0.5 350.24
0.777778 0.5 555.303
0.888889 0.5 828.135
1 0.5 1182.15
0 0.51 0.085729
0.111111 0.51 1.96589
0.222222 0.51 13.5866
0.333333 0.51 44.5561
0.444444 0.51 104.544
0.555556 0.51 203.222
0.666667 0.51 350.263
0.777778 0.51 555.34
0.888889 0.51 828.193
1 0.51 1182.31
0 0.52 0.0857319
0.111111 0.52 1.96601
0.222222 0.52 13.5875
0.333333 0.52 44.559
0.444444 0.52 104.551
0.555556 0.52 203.236
0.666667 0.52 350.287
0.777778 0.52 555.377
0.888889 0.52 828.251
1 0.52 1182.46
0 0.53 0.0857348
0.111111 0.53 1.96614
0.222222 0.53 13.5884
0.333333 0.53 44.562
0.444444 0.53 104.558
0.555556 0.53 203.249
0.666667 0.53 350.31
0.777778 0.53 555.414
0.888889 0.53 828.309
1 0.53 1182.62
0 0.54 0.0857377
0.111111 0.54 1.96626
0.222222 0.54 13.5893
0.333333 0.54 44.5649
0.444444 0.54 104.565
0.555556 0.54 203.263
0.666667 0.54 350.333
0.777778 0.54 555.451
0.888889 0.54 828.367
1 0.54 1182.78
0 0.55 0.0857407
0.111111 0.55 1.96638
0.222222 0.55 13.5901
0.333333 0.55 44.5679
0.444444 0.55 104.572
0.555556 0.55 203.277
0.666667 0.55 350.357
0.777778 0.55 555.488
0.888889 0.55 828.425
1 0.55 1182.94
0 0.56 0.0857436
0.111111 0.56 1.96651
0.222222 0.56 13.591
0.333333 0.56 44.5709
0.444444 0.56 104.579
0.555556 0.56 203.29
0.666667 0.56 350.38
0.777778 0.56 555.525
0.888889 0.56 828.483
1 0.56 1183.1
0 0.57 0.0857465
0.111111 0.57 1.96663
0.222222 0.57 13.5919
0.333333 0.57 44.5738
0.444444 0.57 104.586
0.555556 0.57 203.304
0.666667 0.57 350.403
0.777778 0.57 555.563
0.888889 0.57 828.542
1 0.57 1183.26
0 0.58 0.0857494
0.111111 0.58 1.96676
0.222222 0.58 13.5928
0.333333 0.58 44.5768
0.444444 0.58 104.593
0.555556 0.58 203.317
0.666667 0.58 350.427
0.777778 0.58 555.6
0.888889 0.58 828.6
1 0.58 1183.41
0 0.59 0.0857523
0.111111 0.59 1.96688
0.222222 0.59 13.5937
0.333333 0.59 44.5797
0.444444 0.59 104.6
0.555556 0.59 203.331
0.666667 0.59 350.45
0.777778 0.59 555.637
0.888889 0.59 828.659
1 0.59 1183.57
0 0.6 0.0857552
0.111111 0.6 1.967
0.222222 0.6 13.5946
0.333333 0.6 44.5827
0.444444 0.6 104.607
0.555556 0.6 203.344
0.666667 0.6 350.474
0.777778 0.6 555.674
0.888889 0.6 828.717
1 0.6 1183.73
0 0.61 0.0857582
0.111111 0.61 1.96713
0.222222 0.61 13.5955
0.333333 0.61 44.5856
0.444444 0.61 104.614
0.555556 0.61 203.358
0.666667 0.61 350.497
0.777778 0.61 555.711
0.888889 0.61 828.776
1 0.61 1183.89
0 0.62 0.0857611
0.111111 0.62 1.96725
0.222222 0.62 13.5964
0.333333 0.62 44.5886
0.444444 0.62 104.621
0.555556 0.62 203.371
0.666667 0.62 350.52
0.777778 0.62 555.748
0.888889 0.62 828.834
1 0.62 1184.05
0 0.63 0.085764
0.111111 0.63 1.96738
0.222222 0.63 13.5973
0.333333 0.63 44.5916
0.444444 0.63 104.628
0.555556 0.63 203.385
0.666667 0.63 350.544
0.777778 0.63 555.785
0.888889 0.63 828.893
1 0.63 1184.21
0 0.64 0.0857669
0.111111 0.64 1.9675
0.222222 0.64 13.5982
0.333333 0.64 44.5945
0.444444 0.64 104.635
0.555556 0.64 203.399
0.666667 0.64 350.567
0.777778 0.64 555.823
0.888889 0.64 828.952
1 0.64 1184.37
0 0.65 0.0857698
0.111111 0.65 1.96762
0.222222 0.65 13.5991
0.333333 0.65 44.5975
0.444444 0.65 104.641
0.555556 0.65 203.412
0.666667 0.65 350.591
0.777778 0.65 555.86
0.888889 0.65 829.011
1 0.65 1184.52
0 0.66 0.0857728
0.111111 0.66 1.96775
0.222222 0.66 13.6
0.333333 0.66 44.6004
0.444444 0.66 104.648
0.555556 0.66 203.426
0.666667 0.66 350.614
0.777778 0.66 555.897
0.888889 0.66 829.07
1 0.66 1184.68
0 0.67 0.0857757
0.111111 0.67 1.96787
0.222222 0.67 13.6009
0.333333 0.67 44.6034
0.444444 0.67 104.655
0.555556 0.67 203.439
0.666667 0.67 350.637
0.777778 0.67 555.934
0.888889 0.67 829.129
1 0.67 1184.84
0 0.68 0.0857786
0.111111 0.68 1.968
0.222222 0.68 13.6018
0.333333 0.68 44.6064
0.444444 0.68 104.662
0.555556 0.68 203.453
0.666667 0.68 350.661
0.777778 0.68 555.971
0.888889 0.68 829.188
1 0.68 1185
0 0.69 0.0857815
0.111111 0.69 1.96812
0.222222 0.69 13.6027
0.333333 0.69 44.6093
0.444444 0.69 104.669
0.555556 0.69 203.466
0.666667 0.69 350.684
0.777778 0.69 556.008
0.888889 0.69 829.247
1 0.69 1185.16
0 0.7 0.0857844
0.111111 0.7 1.96825
0.222222 0.7 13.6036
0.333333 0.7 44.6123
0.444444 0.7 104.676
0.555556 0.7 203.48
0.666667 0.7 350.708
0.777778 0.7 556.046
0.888889 0.7 829.306
1 0.7 1185.32
0 0.71 0.0857874
0.111111 0.71 1.96837
0.222222 0.71 13.6044
0.333333 0.71 44.6152
0.444444 0.71 104.683
0.555556 0.71 203.493
0.666667 0.71 350.731
0.777778 0.71 556.083
0.888889 0.71 829.365
1 0.71 1185.48
0 0.72 0.0857903
0.111111 0.72 1.96849
0.222222 0.72 13.6053
0.333333 0.72 44.6182
0.444444 0.72 104.69
0.555556 0.72 203.507
0.666667 0.72 350.754
0.777778 0.72 556.12
0.888889 0.72 829.424
1 0.72 1185.64
0 0.73 0.0857932
0.111111 0.73 1.96862
0.222222 0.73 13.6062
0.333333 0.73 44.6212
0.444444 0.73 104.697
0.555556 0.73 203.521
0.666667 0.73 350.778
0.777778 0.73 556.157
0.888889 0.73 829.483
1 0.73 1185.79
0 0.74 0.0857961
0.111111 0.74 1.96874
0.222222 0.74 13.6071
0.333333 0.74 44.6241
0.444444 0.74 104.704
0.555556 0.74 203.534
0.666667 0.74 350.801
0.777778 0.74 556.194
0.888889 0.74 829.543
1 0.74 1185.95
0 0.75 0.0857991
0.111111 0.75 1.96887
0.222222 0.75 13.608
0.333333 0.75 44.6271
0.444444 0.75 104.711
0.555556 0.75 203.548
0.666667 0.75 350.825
0.777778 0.75 556.232
0.888889 0.75 829.602
1 0.75 1186.11
0 0.76 0.085802
0.111111 0.76 1.96899
0.222222 0.76 13.6089
0.333333 0.76 44.63
0.444444 0.76 104.718
0.555556 0.76 203.561
0.666667 0.76 350.848
0.777778 0.76 556.269
0.888889 0.76 829.662
1 0.76 1186.27
0 0.77 0.0858049
0.111111 0.77 1.96911
0.222222 0.77 13.6098
0.333333 0.77 44.633
0.444444 0.77 104.725
0.555556 0.77 203.575
0.666667 0.77 350.871
0.777778 0.77 556.306
0.888889 0.77 829.721
1 0.77 1186.43
0 0.78 0.0858078
0.111111 0.78 1.96924
0.222222 0.78 13.6107
0.333333 0.78 44.636
0.444444 0.78 104.732
0.555556 0.78 203.588
0.666667 0.78 350.895
0.777778 0.78 556.343
0.888889 0.78 829.781
1 0.78 1186.59
0 0.79 0.0858107
0.111111 0.79 1.96936
0.222222 0.79 13.6116
0.333333 0.79 44.6389
0.444444 0.79 104.739
0.555556 0.79 203.602
0.666667 0.79 350.918
0.777778 0.79 556.381
0.888889 0.79 829.84
1 0.79 1186.75
0 0.8 0.0858137
0.111111 0.8 1.96949
0.222222 0.8 13.6125
0.333333 0.8 44.6419
0.444444 0.8 104.746
0.555556 0.8 203.616
0.666667 0.8 350.942
0.777778 0.8 556.418
0.888889 0.8 829.9
1 0.8 1186.91
0 0.81 0.0858166
0.111111 0.81 1.96961
0.222222 0.81 13.6134
0.333333 0.81 44.6449
0.444444 0.81 104.753
0.555556 0.81 203.629
0.666667 0.81 350.965
0.777778 0.81 556.455
0.888889 0.81 829.96
1 0.81 1187.07
0 0.82 0.0858195
0.111111 0.82 1.96974
0.222222 0.82 13.6143
0.333333 0.82 44.6478
0.444444 0.82 104.76
0.555556 0.82 203.643
0.666667 0.82 350.989
0.777778 0.82 556.492
0.888889 0.82 830.02
1 0.82 1187.23
0 0.83 0.0858224
0.111111 0.83 1.96986
0.222222 0.83 13.6152
0.333333 0.83 44.6508
0.444444 0.83 104.767
0.555556 0.83 203.656
0.666667 0.83 351.012
0.777778 0.83 556.53
0.888889 0.83 830.079
1 0.83 1187.39
0 0.84 0.0858254
0.111111 0.84 1.96999
0.222222 0.84 13.6161
0.333333 0.84 44.6538
0.444444 0.84 104.774
0.555556 0.84 203.67
0.666667 0.84 351.036
0.777778 0.84 556.567
0.888889 0.84 830.139
1 0.84 1187.54
0 0.85 0.0858283
0.111111 0.85 1.97011
0.222222 0.85 13.617
0.333333 0.85 44.6567
0.444444 0.85 104.781
0.555556 0.85 203.684
0.666667 0.85 351.059
0.777778 0.85 556.604
0.888889 0.85 830.199
1 0.85 1187.7
0 0.86 0.0858312
0.111111 0.86 1.97023
0.222222 0.86 13.6179
0.333333 0.86 44.6597
0.444444 0.86 104.788
0.555556 0.86 203.697
0.666667 0.86 351.082
0.777778 0.86 556.642
0.888889 0.86 830.259
1 0.86 1187.86
0 0.87 0.0858342
0.111111 0.87 1.97036
0.222222 0.87 13.6188
0.333333 0.87 44.6627
0.444444 0.87 104.795
0.555556 0.87 203.711
0.666667 0.87 351.106
0.777778 0.87 556.679
0.888889 0.87 830.319
1 0.87 1188.02
0 0.88 0.0858371
0.111111 0.88 1.97048
0.222222 0.88 13.6197
0.333333 0.88 44.6656
0.444444 0.88 104.802
0.555556 0.88 203.724
0.666667 0.88 351.129
0.777778 0.88 556.716
0.888889 0.88 830.38
1 0.88 1188.18
0 0.89 0.08584
0.111111 0.89 1.97061
0.222222 0.89 13.6206
0.333333 0.89 44.6686
0.444444 0.89 104.809
0.555556 0.89 203.738
0.666667 0.89 351.153
0.777778 0.89 556.754
0.888889 0.89 830.44
1 0.89 1188.34
0 0.9 0.0858429
0.111111 0.9 1.97073
0.222222 0.9 13.6215
0.333333 0.9 44.6716
0.444444 0.9 104.816
0.555556 0.9 203.752
0.666667 0.9 351.176
0.777778 0.9 556.791
0.888889 0.9 830.5
1 0.9 1188.5
0 0.91 0.0858459
0.111111 0.91 1.97086
0.222222 0.91 13.6224
0.333333 0.91 44.6745
0.444444 0.91 104.823
0.555556 0.91 203.765
0.666667 0.91 351.2
0.777778 0.91 556.828
0.888889 0.91 830.56
1 0.91 1188.66
0 0.92 0.0858488
0.111111 0.92 1.97098
0.222222 0.92 13.6233
0.333333 0.92 44.6775
0.444444 0.92 104.83
0.555556 0.92 203.779
0.666667 0.92 351.223
0.777778 0.92 556.866
0.888889 0.92 830.621
1 0.92 1188.82
0 0.93 0.0858517
0.111111 0.93 1.97111
0.222222 0.93 13.6242
0.333333 0.93 44.6805
0.444444 0.93 104.837
0.555556 0.93 203.792
0.666667 0.93 351.247
0.777778 0.93 556.903
0.888889 0.93 830.681
1 0.93 1188.98
0 0.94 0.0858547
0.111111 0.94 1.97123
0.222222 0.94 13.625
0.333333 0.94 44.6834
0.444444 0.94 104.844
0.555556 0.94 203.806
0.666667 0.94 351.27
0.777778 0.94 556.94
0.888889 0.94 830.742
1 0.94 1189.14
0 0.95 0.0858576
0.111111 0.95 1.97135
0.222222 0.95 13.6259
0.333333 0.95 44.6864
0.444444 0.95 104.851
0.555556 0.95 203.82
0.666667 0.95 351.294
0.777778 0.95 556.978
0.888889 0.95 830.802
1 0.95 1189.3
0 0.96 0.0858605
0.111111 0.96 1.97148
0.222222 0.96 13.6268
0.333333 0.96 44.6894
0.444444 0.96 104.858
0.555556 0.96 203.833
0.666667 0.96 351.317
0.777778 0.96 557.015
0.888889 0.96 830.863
1 0.96 1189.46
0 0.97 0.0858634
0.111111 0.97 1.9716
0.222222 0.97 13.6277
0.333333 0.97 44.6923
0.444444 0.97 104.865
0.555556 0.97 203.847
0.666667 0.97 351.341
0.777778 0.97 557.052
0.888889 0.97 830.924
1 0.97 1189.62
0 0.98 0.0858664
0.111111 0.98 1.97173
0.222222 0.98 13.6286
0.333333 0.98 44.6953
0.444444 0.98 104.872
0.555556 0.98 203.86
0.666667 0.98 351.364
0.777778 0.98 557.09
0.888889 0.98 830.984
1 0.98 1189.78
0 0.99 0.0858693
0.111111 0.99 1.97185
0.222222 0.99 13.6295
0.333333 0.99 44.6983
0.444444 0.99 104.879
0.555556 0.99 203.874
0.666667 0.99 351.387
0.777778 0.99 557.127
0.888889 0.99 831.045
1 0.99 1189.94
0 1 0.0858722
0.111111 1 1.97198
0.222222 1 13.6304
0.333333 1 44.7012
0.444444 1 104.886
0.555556 1 203.888
0.666667 1 351.411
0.777778 1 557.164
0.888889 1 831.106
1 1 1190.1
