0.0434783 0.01 0.0511666
0.0869565 0.01 0.0854655
0.130435 0.01 0.218157
0.173913 0.01 0.515627
0.217391 0.01 1.05433
0.26087 0.01 1.91301
0.304348 0.01 3.17104
0.347826 0.01 4.90802
0.391304 0.01 7.20364
0.434783 0.01 10.1376
0.478261 0.01 13.7897
0.521739 0.01 18.2396
0.565217 0.01 23.5672
0.608696 0.01 29.8521
0.652174 0.01 37.1743
0.695652 0.01 45.6133
0.73913 0.01 55.2491
0.782609 0.01 66.1614
0.826087 0.01 78.43
0.869565 0.01 92.1346
0.913043 0.01 107.355
0.956522 0.01 124.171
1 0.01 142.668
1.04348 0.01 162.986
0.0322581 0.02 0.051216
0.0645161 0.02 0.0694157
0.0967742 0.02 0.133928
0.129032 0.02 0.268746
0.16129 0.02 0.503642
0.193548 0.02 0.870179
0.225806 0.02 1.40054
0.258065 0.02 2.12716
0.290323 0.02 3.08257
0.322581 0.02 4.29934
0.354839 0.02 5.81008
0.387097 0.02 7.64742
0.419355 0.02 9.84399
0.451613 0.02 12.4324
0.483871 0.02 15.4454
0.516129 0.02 18.9155
0.548387 0.02 22.8754
0.580645 0.02 27.3577
0.612903 0.02 32.3952
0.645161 0.02 38.0204
0.677419 0.02 44.266
0.709677 0.02 51.1647
0.741935 0.02 58.749
0.774194 0.02 67.0517
0.806452 0.02 76.1054
0.83871 0.02 85.9427
0.870968 0.02 96.5963
0.903226 0.02 108.099
0.935484 0.02 120.483
0.967742 0.02 133.787
1 0.02 148.078
1.03226 0.02 163.567
0.0222222 0.03 0.0512655
0.0444444 0.03 0.0597487
0.0666667 0.03 0.0875433
0.0888889 0.03 0.140915
0.111111 0.03 0.228609
0.133333 0.03 0.360389
0.155556 0.03 0.546493
0.177778 0.03 0.797384
0.2 0.03 1.12364
0.222222 0.03 1.53589
0.244444 0.03 2.04482
0.266667 0.03 2.66109
0.288889 0.03 3.39542
0.311111 0.03 4.2585
0.333333 0.03 5.26106
0.355556 0.03 6.41379
0.377778 0.03 7.72743
0.4 0.03 9.21269
0.422222 0.03 10.8803
0.444444 0.03 12.7409
0.466667 0.03 14.8054
0.488889 0.03 17.0843
0.511111 0.03 19.5885
0.533333 0.03 22.3286
0.555556 0.03 25.3154
0.577778 0.03 28.5596
0.6 0.03 32.0718
0.622222 0.03 35.863
0.644444 0.03 39.9437
0.666667 0.03 44.3247
0.688889 0.03 49.0167
0.711111 0.03 54.0304
0.733333 0.03 59.3766
0.755556 0.03 65.066
0.777778 0.03 71.1093
0.8 0.03 77.5172
0.822222 0.03 84.3005
0.844444 0.03 91.4699
0.866667 0.03 99.0364
0.888889 0.03 107.011
0.911111 0.03 115.407
0.933333 0.03 124.237
0.955556 0.03 133.519
0.977778 0.03 143.269
1 0.03 153.492
1.02222 0.03 164.151
0.03125 0.04 0.0513152
0.0625 0.04 0.068563
0.09375 0.04 0.128797
0.125 0.04 0.253795
0.15625 0.04 0.470609
0.1875 0.04 0.808038
0.21875 0.04 1.2955
0.25 0.04 1.96265
0.28125 0.04 2.83926
0.3125 0.04 3.95514
0.34375 0.04 5.34014
0.375 0.04 7.02411
0.40625 0.04 9.03694
0.4375 0.04 11.4085
0.46875 0.04 14.1686
0.5 0.04 17.3473
0.53125 0.04 20.9743
0.5625 0.04 25.0796
0.59375 0.04 29.693
0.625 0.04 34.8444
0.65625 0.04 40.5638
0.6875 0.04 46.8809
0.71875 0.04 53.8258
0.75 0.04 61.4282
0.78125 0.04 69.7181
0.8125 0.04 78.7253
0.84375 0.04 88.4799
0.875 0.04 99.0123
0.90625 0.04 110.355
0.9375 0.04 122.543
0.96875 0.04 135.619
1 0.04 149.634
1.03125 0.04 164.739
0.03125 0.05 0.051365
0.0625 0.05 0.0687567
0.09375 0.05 0.129222
0.125 0.05 0.254728
0.15625 0.05 0.472451
0.1875 0.05 0.811315
0.21875 0.05 1.30087
0.25 0.05 1.9709
0.28125 0.05 2.85131
0.3125 0.05 3.97204
0.34375 0.05 5.36307
0.375 0.05 7.0544
0.40625 0.05 9.07601
0.4375 0.05 11.4579
0.46875 0.05 14.2302
0.5 0.05 17.4227
0.53125 0.05 21.0656
0.5625 0.05 25.1888
0.59375 0.05 29.8224
0.625 0.05 34.9965
0.65625 0.05 40.7409
0.6875 0.05 47.0857
0.71875 0.05 54.061
0.75 0.05 61.6968
0.78125 0.05 70.023
0.8125 0.05 79.0699
0.84375 0.05 88.8677
0.875 0.05 99.4481
0.90625 0.05 110.845
0.9375 0.05 123.096
0.96875 0.05 136.245
1 0.05 150.329
1.03125 0.05 165.33
0.0322581 0.06 0.051415
0.0645161 0.06 0.0701395
0.0967742 0.06 0.135532
0.129032 0.06 0.272322
0.16129 0.06 0.510755
0.193548 0.06 0.882897
0.225806 0.06 1.42144
0.258065 0.06 2.15934
0.290323 0.06 3.12962
0.322581 0.06 4.36538
0.354839 0.06 5.89975
0.387097 0.06 7.76586
0.419355 0.06 9.99686
0.451613 0.06 12.6259
0.483871 0.06 15.6861
0.516129 0.06 19.2107
0.548387 0.06 23.2329
0.580645 0.06 27.7857
0.612903 0.06 32.9023
0.645161 0.06 38.616
0.677419 0.06 44.9598
0.709677 0.06 51.967
0.741935 0.06 59.6706
0.774194 0.06 68.104
0.806452 0.06 77.3004
0.83871 0.06 87.2938
0.870968 0.06 98.1196
0.903226 0.06 109.816
0.935484 0.06 122.422
0.967742 0.06 135.976
1 0.06 150.489
1.03226 0.06 165.925
0.0357143 0.07 0.0514652
0.0714286 0.07 0.0747848
0.107143 0.07 0.158428
0.142857 0.07 0.337724
0.178571 0.07 0.654771
0.214286 0.07 1.15369
0.25 0.07 1.87926
0.285714 0.07 2.87648
0.321429 0.07 4.19046
0.357143 0.07 5.86635
0.392857 0.07 7.94934
0.428571 0.07 10.4846
0.464286 0.07 13.5174
0.5 0.07 17.0929
0.535714 0.07 21.2563
0.571429 0.07 26.0528
0.607143 0.07 31.5277
0.642857 0.07 37.7261
0.678571 0.07 44.6934
0.714286 0.07 52.4746
0.75 0.07 61.1151
0.785714 0.07 70.6602
0.821429 0.07 81.1561
0.857143 0.07 92.6502
0.892857 0.07 105.192
0.928571 0.07 118.832
0.964286 0.07 133.609
1 0.07 149.525
1.03571 0.07 166.523
0.03125 0.08 0.0515155
0.0625 0.08 0.0694046
0.09375 0.08 0.130669
0.125 0.08 0.257918
0.15625 0.08 0.47875
0.1875 0.08 0.822532
0.21875 0.08 1.31926
0.25 0.08 1.99916
0.28125 0.08 2.89259
0.3125 0.08 4.02994
0.34375 0.08 5.44164
0.375 0.08 7.15813
0.40625 0.08 9.20986
0.4375 0.08 11.6273
0.46875 0.08 14.4409
0.5 0.08 17.6811
0.53125 0.08 21.3783
0.5625 0.08 25.5632
0.59375 0.08 30.266
0.625 0.08 35.5174
0.65625 0.08 41.3477
0.6875 0.08 47.7874
0.71875 0.08 54.867
0.75 0.08 62.6171
0.78125 0.08 71.0687
0.8125 0.08 80.2529
0.84375 0.08 90.2021
0.875 0.08 100.948
0.90625 0.08 112.522
0.9375 0.08 124.945
0.96875 0.08 138.217
1 0.08 152.305
1.03125 0.08 167.125
0.0416667 0.09 0.051566
0.0833333 0.09 0.0843059
0.125 0.09 0.207268
0.166667 0.09 0.480649
0.208333 0.09 0.973641
0.25 0.09 1.75773
0.291667 0.09 2.90503
0.333333 0.09 4.4879
0.375 0.09 6.5788
0.416667 0.09 9.25019
0.458333 0.09 12.5746
0.5 0.09 16.6246
0.541667 0.09 21.4726
0.583333 0.09 27.1912
0.625 0.09 33.853
0.666667 0.09 41.5305
0.708333 0.09 50.2963
0.75 0.09 60.2231
0.791667 0.09 71.3843
0.833333 0.09 83.8546
0.875 0.09 97.7092
0.916667 0.09 113.015
0.958333 0.09 129.808
1 0.09 148.066
1.04167 0.09 167.73
0.0227273 0.1 0.0516166
0.0454545 0.1 0.0612629
0.0681818 0.1 0.0911038
0.0909091 0.1 0.148867
0.113636 0.1 0.244223
0.136364 0.1 0.387966
0.159091 0.1 0.591398
0.181818 0.1 0.866053
0.204545 0.1 1.22358
0.227273 0.1 1.67568
0.25 0.1 2.2341
0.272727 0.1 2.9106
0.295455 0.1 3.71694
0.318182 0.1 4.6649
0.340909 0.1 5.76628
0.363636 0.1 7.03285
0.386364 0.1 8.4764
0.409091 0.1 10.1087
0.431818 0.1 11.9416
0.454545 0.1 13.9869
0.477273 0.1 16.2563
0.5 0.1 18.7616
0.522727 0.1 21.5147
0.545455 0.1 24.5274
0.568182 0.1 27.8113
0.590909 0.1 31.3784
0.613636 0.1 35.2405
0.636364 0.1 39.4092
0.659091 0.1 43.8965
0.681818 0.1 48.714
0.704545 0.1 53.8738
0.727273 0.1 59.3876
0.75 0.1 65.2674
0.772727 0.1 71.5253
0.795455 0.1 78.1736
0.818182 0.1 85.2243
0.840909 0.1 92.6895
0.863636 0.1 100.58
0.886364 0.1 108.905
0.909091 0.1 117.67
0.931818 0.1 126.876
0.954545 0.1 136.519
0.977273 0.1 146.601
1 0.1 157.156
1.02273 0.1 168.339
0.0333333 0.11 0.0516674
0.0666667 0.11 0.0723867
0.1 0.11 0.144228
0.133333 0.11 0.295887
0.166667 0.11 0.56161
0.2 0.11 0.977594
0.233333 0.11 1.58067
0.266667 0.11 2.40793
0.3 0.11 3.49655
0.333333 0.11 4.88376
0.366667 0.11 6.60683
0.4 0.11 8.70304
0.433333 0.11 11.2097
0.466667 0.11 14.164
0.5 0.11 17.6034
0.533333 0.11 21.5651
0.566667 0.11 26.0863
0.6 0.11 31.2045
0.633333 0.11 36.9569
0.666667 0.11 43.3809
0.7 0.11 50.5137
0.733333 0.11 58.3929
0.766667 0.11 67.0562
0.8 0.11 76.5419
0.833333 0.11 86.8882
0.866667 0.11 98.1313
0.9 0.11 110.301
0.933333 0.11 123.413
0.966667 0.11 137.479
1 0.11 152.57
1.03333 0.11 168.952
0.0204082 0.12 0.0517184
0.0408163 0.12 0.059768
0.0612245 0.12 0.0834581
0.0816327 0.12 0.128386
0.102041 0.12 0.201298
0.122449 0.12 0.309857
0.142857 0.12 0.46218
0.163265 0.12 0.666606
0.183673 0.12 0.931585
0.204082 0.12 1.26563
0.22449 0.12 1.67727
0.244898 0.12 2.17509
0.265306 0.12 2.76766
0.285714 0.12 3.46356
0.306122 0.12 4.27138
0.326531 0.12 5.19972
0.346939 0.12 6.25717
0.367347 0.12 7.45234
0.387755 0.12 8.79382
0.408163 0.12 10.2902
0.428571 0.12 11.9501
0.44898 0.12 13.7822
0.469388 0.12 15.7949
0.489796 0.12 17.997
0.510204 0.12 20.397
0.530612 0.12 23.0036
0.55102 0.12 25.8252
0.571429 0.12 28.8707
0.591837 0.12 32.1484
0.612245 0.12 35.6671
0.632653 0.12 39.4354
0.653061 0.12 43.4619
0.673469 0.12 47.7551
0.693878 0.12 52.3238
0.714286 0.12 57.1767
0.734694 0.12 62.3224
0.755102 0.12 67.7698
0.77551 0.12 73.5275
0.795918 0.12 79.6042
0.816327 0.12 86.0083
0.836735 0.12 92.7476
0.857143 0.12 99.8288
0.877551 0.12 107.258
0.897959 0.12 115.041
0.918367 0.12 123.184
0.938776 0.12 131.694
0.959184 0.12 140.585
0.979592 0.12 149.868
1 0.12 159.542
1.02041 0.12 169.569
0.0204082 0.13 0.0517695
0.0408163 0.13 0.0598664
0.0612245 0.13 0.083575
0.0816327 0.13 0.128578
0.102041 0.13 0.201617
0.122449 0.13 0.310371
0.142857 0.13 0.462972
0.163265 0.13 0.667775
0.183673 0.13 0.933247
0.204082 0.13 1.26791
0.22449 0.13 1.68033
0.244898 0.13 2.17909
0.265306 0.13 2.77277
0.285714 0.13 3.46999
0.306122 0.13 4.27934
0.326531 0.13 5.20944
0.346939 0.13 6.2689
0.367347 0.13 7.46634
0.387755 0.13 8.81037
0.408163 0.13 10.3096
0.428571 0.13 11.9727
0.44898 0.13 13.8082
0.469388 0.13 15.8248
0.489796 0.13 18.0311
0.510204 0.13 20.4356
0.530612 0.13 23.0472
0.55102 0.13 25.8742
0.571429 0.13 28.9254
0.591837 0.13 32.2095
0.612245 0.13 35.7349
0.632653 0.13 39.5103
0.653061 0.13 43.5445
0.673469 0.13 47.8459
0.693878 0.13 52.4234
0.714286 0.13 57.2856
0.734694 0.13 62.4412
0.755102 0.13 67.899
0.77551 0.13 73.6677
0.795918 0.13 79.7559
0.816327 0.13 86.1718
0.836735 0.13 92.923
0.857143 0.13 100.016
0.877551 0.13 107.458
0.897959 0.13 115.254
0.918367 0.13 123.412
0.938776 0.13 131.94
0.959184 0.13 140.848
0.979592 0.13 150.153
1 0.13 159.89
1.02041 0.13 170.189
0.0322581 0.14 0.0518208
0.0645161 0.14 0.0714113
0.0967742 0.14 0.138479
0.129032 0.14 0.278897
0.16129 0.14 0.523832
0.193548 0.14 0.906282
0.225806 0.14 1.45988
0.258065 0.14 2.21851
0.290323 0.14 3.21616
0.322581 0.14 4.48686
0.354839 0.14 6.0647
0.387097 0.14 7.98375
0.419355 0.14 10.2781
0.451613 0.14 12.9819
0.483871 0.14 16.1291
0.516129 0.14 19.754
0.548387 0.14 23.8906
0.580645 0.14 28.573
0.612903 0.14 33.8354
0.645161 0.14 39.7118
0.677419 0.14 46.2365
0.709677 0.14 53.4436
0.741935 0.14 61.3677
0.774194 0.14 70.0434
0.806452 0.14 79.5046
0.83871 0.14 89.7838
0.870968 0.14 100.91
0.903226 0.14 112.91
0.935484 0.14 125.811
0.967742 0.14 139.654
1 0.14 154.544
1.03226 0.14 170.814
0.0204082 0.15 0.0518723
0.0408163 0.15 0.0598955
0.0612245 0.15 0.08394
0.0816327 0.15 0.129231
0.102041 0.15 0.20272
0.122449 0.15 0.312161
0.142857 0.15 0.465741
0.163265 0.15 0.671874
0.183673 0.15 0.939082
0.204082 0.15 1.27595
0.22449 0.15 1.69109
0.244898 0.15 2.19315
0.265306 0.15 2.79077
0.285714 0.15 3.49262
0.306122 0.15 4.30736
0.326531 0.15 5.24366
0.346939 0.15 6.3102
0.367347 0.15 7.51563
0.387755 0.15 8.86864
0.408163 0.15 10.3779
0.428571 0.15 12.0521
0.44898 0.15 13.8999
0.469388 0.15 15.93
0.489796 0.15 18.151
0.510204 0.15 20.5717
0.530612 0.15 23.2007
0.55102 0.15 26.0467
0.571429 0.15 29.1184
0.591837 0.15 32.4245
0.612245 0.15 35.9735
0.632653 0.15 39.7743
0.653061 0.15 43.8356
0.673469 0.15 48.166
0.693878 0.15 52.7742
0.714286 0.15 57.6692
0.734694 0.15 62.8595
0.755102 0.15 68.3539
0.77551 0.15 74.161
0.795918 0.15 80.2891
0.816327 0.15 86.746
0.836735 0.15 93.5394
0.857143 0.15 100.677
0.877551 0.15 108.165
0.897959 0.15 116.014
0.918367 0.15 124.235
0.938776 0.15 132.843
0.959184 0.15 141.858
0.979592 0.15 151.301
1 0.15 161.177
1.02041 0.15 171.442
0.0227273 0.16 0.0519239
0.0454545 0.16 0.0616896
0.0681818 0.16 0.0922781
0.0909091 0.16 0.15097
0.113636 0.16 0.247927
0.136364 0.16 0.394141
0.159091 0.16 0.601121
0.181818 0.16 0.880612
0.204545 0.16 1.24447
0.227273 0.16 1.70463
0.25 0.16 2.27302
0.272727 0.16 2.96163
0.295455 0.16 3.78244
0.318182 0.16 4.74744
0.340909 0.16 5.86862
0.363636 0.16 7.158
0.386364 0.16 8.62757
0.409091 0.16 10.2893
0.431818 0.16 12.1553
0.454545 0.16 14.2375
0.477273 0.16 16.5479
0.5 0.16 19.0985
0.522727 0.16 21.9013
0.545455 0.16 24.9684
0.568182 0.16 28.3117
0.590909 0.16 31.9433
0.613636 0.16 35.8752
0.636364 0.16 40.1194
0.659091 0.16 44.6879
0.681818 0.16 49.5929
0.704545 0.16 54.8464
0.727273 0.16 60.4605
0.75 0.16 66.4473
0.772727 0.16 72.8186
0.795455 0.16 79.5859
0.818182 0.16 86.7603
0.840909 0.16 94.3525
0.863636 0.16 102.373
0.886364 0.16 110.833
0.909091 0.16 119.748
0.931818 0.16 129.135
0.954545 0.16 139.018
0.977273 0.16 149.424
1 0.16 160.396
1.02273 0.16 172.073
0.037037 0.17 0.0519757
0.0740741 0.17 0.078347
0.111111 0.17 0.172334
0.148148 0.17 0.375893
0.185185 0.17 0.737862
0.222222 0.17 1.30923
0.259259 0.17 2.14164
0.296296 0.17 3.28699
0.333333 0.17 4.79726
0.37037 0.17 6.7245
0.407407 0.17 9.12076
0.444444 0.17 12.0381
0.481481 0.17 15.5287
0.518519 0.17 19.6445
0.555556 0.17 24.4377
0.592593 0.17 29.9603
0.62963 0.17 36.2646
0.666667 0.17 43.4026
0.703704 0.17 51.4267
0.740741 0.17 60.3893
0.777778 0.17 70.3425
0.814815 0.17 81.3369
0.851852 0.17 93.4207
0.888889 0.17 106.642
0.925926 0.17 121.058
0.962963 0.17 136.752
1 0.17 153.867
1.03704 0.17 172.709
0.0204082 0.18 0.0520276
0.0408163 0.18 0.0604839
0.0612245 0.18 0.0845688
0.0816327 0.18 0.130274
0.102041 0.18 0.204486
0.122449 0.18 0.315028
0.142857 0.18 0.470181
0.163265 0.18 0.678446
0.183673 0.18 0.94844
0.204082 0.18 1.28884
0.22449 0.18 1.70835
0.244898 0.18 2.21571
0.265306 0.18 2.81965
0.285714 0.18 3.52894
0.306122 0.18 4.35233
0.326531 0.18 5.29858
0.346939 0.18 6.37645
0.367347 0.18 7.59472
0.387755 0.18 8.96214
0.408163 0.18 10.4875
0.428571 0.18 12.1795
0.44898 0.18 14.0471
0.469388 0.18 16.0988
0.489796 0.18 18.3436
0.510204 0.18 20.7901
0.530612 0.18 23.4472
0.55102 0.18 26.3236
0.571429 0.18 29.4281
0.591837 0.18 32.7695
0.612245 0.18 36.3565
0.632653 0.18 40.198
0.653061 0.18 44.3027
0.673469 0.18 48.6795
0.693878 0.18 53.3372
0.714286 0.18 58.2845
0.734694 0.18 63.5302
0.755102 0.18 69.0828
0.77551 0.18 74.9508
0.795918 0.18 81.1427
0.816327 0.18 87.6667
0.836735 0.18 94.5317
0.857143 0.18 101.747
0.877551 0.18 109.324
0.897959 0.18 117.274
0.918367 0.18 125.612
0.938776 0.18 134.353
0.959184 0.18 143.51
0.979592 0.18 153.086
1 0.18 163.055
1.02041 0.18 173.349
0.0204082 0.19 0.0520798
0.0408163 0.19 0.060479
0.0612245 0.19 0.0846924
0.0816327 0.19 0.130471
0.102041 0.19 0.204815
0.122449 0.19 0.315557
0.142857 0.19 0.470997
0.163265 0.19 0.679652
0.183673 0.19 0.950154
0.204082 0.19 1.2912
0.22449 0.19 1.71151
0.244898 0.19 2.21983
0.265306 0.19 2.82493
0.285714 0.19 3.53558
0.306122 0.19 4.36055
0.326531 0.19 5.30861
0.346939 0.19 6.38856
0.367347 0.19 7.60917
0.387755 0.19 8.97923
0.408163 0.19 10.5075
0.428571 0.19 12.2028
0.44898 0.19 14.0739
0.469388 0.19 16.1297
0.489796 0.19 18.3787
0.510204 0.19 20.83
0.530612 0.19 23.4922
0.55102 0.19 26.3742
0.571429 0.19 29.4847
0.591837 0.19 32.8325
0.612245 0.19 36.4265
0.632653 0.19 40.2754
0.653061 0.19 44.3881
0.673469 0.19 48.7733
0.693878 0.19 53.44
0.714286 0.19 58.3969
0.734694 0.19 63.6526
0.755102 0.19 69.2158
0.77551 0.19 75.095
0.795918 0.19 81.2986
0.816327 0.19 87.8353
0.836735 0.19 94.7139
0.857143 0.19 101.944
0.877551 0.19 109.538
0.897959 0.19 117.507
0.918367 0.19 125.864
0.938776 0.19 134.623
0.959184 0.19 143.792
0.979592 0.19 153.377
1 0.19 163.402
1.02041 0.19 173.993
0.03125 0.2 0.052132
0.0625 0.2 0.0710373
0.09375 0.2 0.134407
0.125 0.2 0.266092
0.15625 0.2 0.494853
0.1875 0.2 0.851182
0.21875 0.2 1.36621
0.25 0.2 2.07131
0.28125 0.2 2.99797
0.3125 0.2 4.17775
0.34375 0.2 5.64221
0.375 0.2 7.42293
0.40625 0.2 9.55153
0.4375 0.2 12.0596
0.46875 0.2 14.9787
0.5 0.2 18.3406
0.53125 0.2 22.1767
0.5625 0.2 26.5188
0.59375 0.2 31.3984
0.625 0.2 36.8472
0.65625 0.2 42.8969
0.6875 0.2 49.5792
0.71875 0.2 56.9258
0.75 0.2 64.968
0.78125 0.2 73.7369
0.8125 0.2 83.2631
0.84375 0.2 93.5782
0.875 0.2 104.717
0.90625 0.2 116.72
0.9375 0.2 129.632
0.96875 0.2 143.497
1 0.2 158.399
1.03125 0.2 174.64
0.0204082 0.21 0.0521845
0.0408163 0.21 0.060536
0.0612245 0.21 0.0850234
0.0816327 0.21 0.131113
0.102041 0.21 0.205901
0.122449 0.21 0.317321
0.142857 0.21 0.473727
0.163265 0.21 0.683694
0.183673 0.21 0.955909
0.204082 0.21 1.29912
0.22449 0.21 1.72212
0.244898 0.21 2.2337
0.265306 0.21 2.84269
0.285714 0.21 3.55792
0.306122 0.21 4.3882
0.326531 0.21 5.34239
0.346939 0.21 6.42931
0.367347 0.21 7.65782
0.387755 0.21 9.03674
0.408163 0.21 10.5749
0.428571 0.21 12.2812
0.44898 0.21 14.1645
0.469388 0.21 16.2335
0.489796 0.21 18.4972
0.510204 0.21 20.9643
0.530612 0.21 23.6438
0.55102 0.21 26.5445
0.571429 0.21 29.6752
0.591837 0.21 33.0447
0.612245 0.21 36.6621
0.632653 0.21 40.536
0.653061 0.21 44.6754
0.673469 0.21 49.0892
0.693878 0.21 53.7861
0.714286 0.21 58.775
0.734694 0.21 64.0646
0.755102 0.21 69.6636
0.77551 0.21 75.5807
0.795918 0.21 81.8247
0.816327 0.21 88.4047
0.836735 0.21 95.3304
0.857143 0.21 102.613
0.877551 0.21 110.262
0.897959 0.21 118.293
0.918367 0.21 126.717
0.938776 0.21 135.552
0.959184 0.21 144.817
0.979592 0.21 154.532
1 0.21 164.704
1.02041 0.21 175.292
0.0232558 0.22 0.0522372
0.0465116 0.22 0.0627921
0.0697674 0.22 0.0955767
0.0930233 0.22 0.158731
0.116279 0.22 0.26348
0.139535 0.22 0.421917
0.162791 0.22 0.646651
0.186047 0.22 0.950531
0.209302 0.22 1.34652
0.232558 0.22 1.84764
0.255814 0.22 2.46696
0.27907 0.22 3.21754
0.302326 0.22 4.11249
0.325581 0.22 5.16489
0.348837 0.22 6.38786
0.372093 0.22 7.7945
0.395349 0.22 9.39791
0.418605 0.22 11.2112
0.44186 0.22 13.2475
0.465116 0.22 15.5199
0.488372 0.22 18.0415
0.511628 0.22 20.8255
0.534884 0.22 23.8849
0.55814 0.22 27.2329
0.581395 0.22 30.8826
0.604651 0.22 34.8471
0.627907 0.22 39.1396
0.651163 0.22 43.7732
0.674419 0.22 48.7611
0.697674 0.22 54.1163
0.72093 0.22 59.8518
0.744186 0.22 65.9807
0.767442 0.22 72.5158
0.790698 0.22 79.4702
0.813953 0.22 86.8573
0.837209 0.22 94.6916
0.860465 0.22 102.989
0.883721 0.22 111.765
0.906977 0.22 121.042
0.930233 0.22 130.839
0.953488 0.22 141.183
0.976744 0.22 152.102
1 0.22 163.642
1.02326 0.22 175.948
0.04 0.23 0.05229
0.08 0.23 0.0839538
0.12 0.23 0.19941
0.16 0.23 0.454109
0.2 0.23 0.9116
0.24 0.23 1.63768
0.28 0.23 2.69882
0.32 0.23 4.16172
0.36 0.23 6.09317
0.4 0.23 8.56004
0.44 0.23 11.6292
0.48 0.23 15.3675
0.52 0.23 19.8419
0.56 0.23 25.1192
0.6 0.23 31.2665
0.64 0.23 38.3506
0.68 0.23 46.4386
0.72 0.23 55.5974
0.76 0.23 65.8934
0.8 0.23 77.393
0.84 0.23 90.1646
0.88 0.23 104.284
0.92 0.23 119.838
0.96 0.23 136.939
1 0.23 155.752
1.04 0.23 176.608
0.0384615 0.24 0.052343
0.0769231 0.24 0.0815584
0.115385 0.24 0.186656
0.153846 0.24 0.416298
0.192308 0.24 0.826828
0.230769 0.24 1.47671
0.269231 0.24 2.42509
0.307692 0.24 3.73134
0.346154 0.24 5.45495
0.384615 0.24 7.65545
0.423077 0.24 10.3924
0.461538 0.24 13.7253
0.5 0.24 17.7139
0.538462 0.24 22.4176
0.576923 0.24 27.8961
0.615385 0.24 34.209
0.653846 0.24 41.416
0.692308 0.24 49.5767
0.730769 0.24 58.7506
0.769231 0.24 68.9968
0.807692 0.24 80.3749
0.846154 0.24 92.9475
0.884615 0.24 106.785
0.923077 0.24 121.97
0.961538 0.24 138.612
1 0.24 156.898
1.03846 0.24 177.272
0.0204082 0.25 0.0523961
0.0408163 0.25 0.06043
0.0612245 0.25 0.0857811
0.0816327 0.25 0.132469
0.102041 0.25 0.208147
0.122449 0.25 0.320964
0.142857 0.25 0.479373
0.163265 0.25 0.692055
0.183673 0.25 0.967816
0.204082 0.25 1.31552
0.22449 0.25 1.74408
0.244898 0.25 2.26241
0.265306 0.25 2.87945
0.285714 0.25 3.60414
0.306122 0.25 4.44544
0.326531 0.25 5.41229
0.346939 0.25 6.51366
0.367347 0.25 7.7585
0.387755 0.25 9.15577
0.408163 0.25 10.7144
0.428571 0.25 12.4435
0.44898 0.25 14.3518
0.469388 0.25 16.4484
0.489796 0.25 18.7423
0.510204 0.25 21.2423
0.530612 0.25 23.9576
0.55102 0.25 26.897
0.571429 0.25 30.0695
0.591837 0.25 33.4841
0.612245 0.25 37.1497
0.632653 0.25 41.0754
0.653061 0.25 45.2701
0.673469 0.25 49.7428
0.693878 0.25 54.5023
0.714286 0.25 59.5576
0.734694 0.25 64.9178
0.755102 0.25 70.5917
0.77551 0.25 76.5889
0.795918 0.25 82.919
0.816327 0.25 89.5924
0.836735 0.25 96.6204
0.857143 0.25 104.015
0.877551 0.25 111.791
0.897959 0.25 119.964
0.918367 0.25 128.552
0.938776 0.25 137.572
0.959184 0.25 147.039
0.979592 0.25 156.954
1 0.25 167.283
1.02041 0.25 177.94
0.0204082 0.26 0.0524495
0.0408163 0.26 0.0605611
0.0612245 0.26 0.0858989
0.0816327 0.26 0.132672
0.102041 0.26 0.208486
0.122449 0.26 0.321511
0.142857 0.26 0.480218
0.163265 0.26 0.693303
0.183673 0.26 0.969592
0.204082 0.26 1.31797
0.22449 0.26 1.74735
0.244898 0.26 2.26669
0.265306 0.26 2.88492
0.285714 0.26 3.61102
0.306122 0.26 4.45396
0.326531 0.26 5.4227
0.346939 0.26 6.52621
0.367347 0.26 7.77348
0.387755 0.26 9.17348
0.408163 0.26 10.7352
0.428571 0.26 12.4676
0.44898 0.26 14.3797
0.469388 0.26 16.4804
0.489796 0.26 18.7787
0.510204 0.26 21.2837
0.530612 0.26 24.0043
0.55102 0.26 26.9494
0.571429 0.26 30.1281
0.591837 0.26 33.5494
0.612245 0.26 37.2223
0.632653 0.26 41.1557
0.653061 0.26 45.3586
0.673469 0.26 49.84
0.693878 0.26 54.6088
0.714286 0.26 59.6741
0.734694 0.26 65.0448
0.755102 0.26 70.73
0.77551 0.26 76.7394
0.795918 0.26 83.0826
0.816327 0.26 89.7704
0.836735 0.26 96.8141
0.857143 0.26 104.227
0.877551 0.26 112.022
0.897959 0.26 120.217
0.918367 0.26 128.827
0.938776 0.26 137.866
0.959184 0.26 147.345
0.979592 0.26 157.265
1 0.26 167.646
1.02041 0.26 178.613
0.030303 0.27 0.052503
0.0606061 0.27 0.07056
0.0909091 0.27 0.131068
0.121212 0.27 0.25517
0.151515 0.27 0.469965
0.181818 0.27 0.803743
0.212121 0.27 1.28547
0.242424 0.27 1.94436
0.272727 0.27 2.80975
0.30303 0.27 3.91103
0.333333 0.27 5.27761
0.363636 0.27 6.93892
0.393939 0.27 8.92442
0.424242 0.27 11.2635
0.454545 0.27 13.9857
0.484848 0.27 17.1205
0.515152 0.27 20.6972
0.545455 0.27 24.7455
0.575758 0.27 29.2946
0.606061 0.27 34.3742
0.636364 0.27 40.0138
0.666667 0.27 46.2427
0.69697 0.27 53.0904
0.727273 0.27 60.5864
0.757576 0.27 68.7603
0.787879 0.27 77.6429
0.818182 0.27 87.267
0.848485 0.27 97.6691
0.878788 0.27 108.891
0.909091 0.27 120.981
0.939394 0.27 133.987
0.969697 0.27 147.954
1 0.27 162.961
1.0303 0.27 179.289
0.0204082 0.28 0.0525567
0.0408163 0.28 0.0604468
0.0612245 0.28 0.0862315
0.0816327 0.28 0.133306
0.102041 0.28 0.209563
0.122449 0.28 0.32326
0.142857 0.28 0.482925
0.163265 0.28 0.697314
0.183673 0.28 0.975303
0.204082 0.28 1.32584
0.22449 0.28 1.75789
0.244898 0.28 2.28046
0.265306 0.28 2.90256
0.285714 0.28 3.6332
0.306122 0.28 4.48142
0.326531 0.28 5.45624
0.346939 0.28 6.56668
0.367347 0.28 7.82179
0.387755 0.28 9.2306
0.408163 0.28 10.8021
0.428571 0.28 12.5454
0.44898 0.28 14.4696
0.469388 0.28 16.5835
0.489796 0.28 18.8964
0.510204 0.28 21.4171
0.530612 0.28 24.1548
0.55102 0.28 27.1186
0.571429 0.28 30.3174
0.591837 0.28 33.7602
0.612245 0.28 37.4563
0.632653 0.28 41.4145
0.653061 0.28 45.6439
0.673469 0.28 50.1536
0.693878 0.28 54.9525
0.714286 0.28 60.0499
0.734694 0.28 65.4549
0.755102 0.28 71.177
0.77551 0.28 77.226
0.795918 0.28 83.6123
0.816327 0.28 90.3473
0.836735 0.28 97.4429
0.857143 0.28 104.913
0.877551 0.28 112.77
0.897959 0.28 121.031
0.918367 0.28 129.711
0.938776 0.28 138.827
0.959184 0.28 148.4
0.979592 0.28 158.45
1 0.28 168.986
1.02041 0.28 179.97
0.0243902 0.29 0.0526105
0.0487805 0.29 0.0640691
0.0731707 0.29 0.101801
0.097561 0.29 0.174157
0.121951 0.29 0.295166
0.146341 0.29 0.479263
0.170732 0.29 0.741373
0.195122 0.29 1.09669
0.219512 0.29 1.56052
0.243902 0.29 2.14824
0.268293 0.29 2.87525
0.292683 0.29 3.75698
0.317073 0.29 4.80885
0.341463 0.29 6.04633
0.365854 0.29 7.48484
0.390244 0.29 9.13985
0.414634 0.29 11.0268
0.439024 0.29 13.1612
0.463415 0.29 15.5584
0.487805 0.29 18.2339
0.512195 0.29 21.2032
0.536585 0.29 24.4818
0.560976 0.29 28.085
0.585366 0.29 32.0285
0.609756 0.29 36.3276
0.634146 0.29 40.9978
0.658537 0.29 46.0546
0.682927 0.29 51.5134
0.707317 0.29 57.3897
0.731707 0.29 63.6993
0.756098 0.29 70.4583
0.780488 0.29 77.6835
0.804878 0.29 85.393
0.829268 0.29 93.6063
0.853659 0.29 102.345
0.878049 0.29 111.633
0.902439 0.29 121.495
0.926829 0.29 131.96
0.95122 0.29 143.057
0.97561 0.29 154.82
1 0.29 167.302
1.02439 0.29 180.656
0.05 0.3 0.0526646
0.1 0.3 0.104691
0.15 0.3 0.311246
0.2 0.3 0.790409
0.25 0.3 1.67215
0.3 0.3 3.089
0.35 0.3 5.17416
0.4 0.3 8.06101
0.45 0.3 11.883
0.5 0.3 16.7738
0.55 0.3 22.8668
0.6 0.3 30.2956
0.65 0.3 39.194
0.7 0.3 49.6955
0.75 0.3 61.9341
0.8 0.3 76.048
0.85 0.3 92.1886
0.9 0.3 110.533
0.95 0.3 131.293
1 0.3 154.745
1.05 0.3 181.346
0.05 0.31 0.0527188
0.1 0.31 0.104916
0.15 0.31 0.31204
0.2 0.31 0.792576
0.25 0.31 1.67688
0.3 0.31 3.0979
0.35 0.31 5.1892
0.4 0.31 8.08459
0.45 0.31 11.9179
0.5 0.31 16.8232
0.55 0.31 22.9342
0.6 0.31 30.3851
0.65 0.31 39.3099
0.7 0.31 49.8426
0.75 0.31 62.118
0.8 0.31 76.276
0.85 0.31 92.4704
0.9 0.31 110.882
0.95 0.31 131.73
1 0.31 155.312
1.05 0.31 182.04
0.0714286 0.32 0.0527732
0.142857 0.32 0.168717
0.214286 0.32 0.704208
0.285714 0.32 2.02806
0.357143 0.32 4.52862
0.428571 0.32 8.59679
0.5 0.32 14.624
0.571429 0.32 23.002
0.642857 0.32 34.1225
0.714286 0.32 48.3775
0.785714 0.32 66.1616
0.857143 0.32 87.893
0.928571 0.32 114.069
1 0.32 145.359
1.07143 0.32 182.738
0.0204082 0.33 0.0528279
0.0408163 0.33 0.064493
0.0612245 0.33 0.0888663
0.0816327 0.33 0.135381
0.102041 0.33 0.212291
0.122449 0.33 0.327732
0.142857 0.33 0.490105
0.163265 0.33 0.708129
0.183673 0.33 0.990768
0.204082 0.33 1.34712
0.22449 0.33 1.78635
0.244898 0.33 2.31764
0.265306 0.33 2.95016
0.285714 0.33 3.69309
0.306122 0.33 4.55559
0.326531 0.33 5.54683
0.346939 0.33 6.676
0.367347 0.33 7.95228
0.387755 0.33 9.38486
0.408163 0.33 10.9829
0.428571 0.33 12.7557
0.44898 0.33 14.7124
0.469388 0.33 16.8621
0.489796 0.33 19.2141
0.510204 0.33 21.7775
0.530612 0.33 24.5616
0.55102 0.33 27.5755
0.571429 0.33 30.8285
0.591837 0.33 34.3297
0.612245 0.33 38.0883
0.632653 0.33 42.1136
0.653061 0.33 46.4148
0.673469 0.33 51.0012
0.693878 0.33 55.8822
0.714286 0.33 61.0676
0.734694 0.33 66.5671
0.755102 0.33 72.3912
0.77551 0.33 78.5509
0.795918 0.33 85.0579
0.816327 0.33 91.9247
0.836735 0.33 99.1651
0.857143 0.33 106.794
0.877551 0.33 114.828
0.897959 0.33 123.285
0.918367 0.33 132.183
0.938776 0.33 141.537
0.959184 0.33 151.358
0.979592 0.33 161.643
1 0.33 172.361
1.02041 0.33 183.441
0.0204082 0.34 0.0528826
0.0408163 0.34 0.0644999
0.0612245 0.34 0.088996
0.0816327 0.34 0.135596
0.102041 0.34 0.212647
0.122449 0.34 0.328302
0.142857 0.34 0.490982
0.163265 0.34 0.709427
0.183673 0.34 0.992615
0.204082 0.34 1.34967
0.22449 0.34 1.78976
0.244898 0.34 2.3221
0.265306 0.34 2.95587
0.285714 0.34 3.70026
0.306122 0.34 4.56446
0.326531 0.34 5.55767
0.346939 0.34 6.68908
0.367347 0.34 7.96789
0.387755 0.34 9.40332
0.408163 0.34 11.0046
0.428571 0.34 12.7809
0.44898 0.34 14.7414
0.469388 0.34 16.8954
0.489796 0.34 19.2521
0.510204 0.34 21.8206
0.530612 0.34 24.6102
0.55102 0.34 27.6302
0.571429 0.34 30.8896
0.591837 0.34 34.3978
0.612245 0.34 38.164
0.632653 0.34 42.1973
0.653061 0.34 46.5071
0.673469 0.34 51.1027
0.693878 0.34 55.9937
0.714286 0.34 61.1896
0.734694 0.34 66.7007
0.755102 0.34 72.5373
0.77551 0.34 78.7105
0.795918 0.34 85.2323
0.816327 0.34 92.1155
0.836735 0.34 99.374
0.857143 0.34 107.023
0.877551 0.34 115.079
0.897959 0.34 123.558
0.918367 0.34 132.478
0.938776 0.34 141.85
0.959184 0.34 151.682
0.979592 0.34 161.977
1 0.34 172.756
1.02041 0.34 184.149
0.0322581 0.35 0.0529376
0.0645161 0.35 0.0766238
0.0967742 0.35 0.145986
0.129032 0.35 0.294806
0.16129 0.35 0.55593
0.193548 0.35 0.963921
0.225806 0.35 1.55463
0.258065 0.35 2.36437
0.290323 0.35 3.42953
0.322581 0.35 4.78646
0.354839 0.35 6.47154
0.387097 0.35 8.52119
0.419355 0.35 10.9719
0.451613 0.35 13.86
0.483871 0.35 17.222
0.516129 0.35 21.0943
0.548387 0.35 25.5134
0.580645 0.35 30.5157
0.612903 0.35 36.1378
0.645161 0.35 42.4162
0.677419 0.35 49.3875
0.709677 0.35 57.0891
0.741935 0.35 65.5596
0.774194 0.35 74.8401
0.806452 0.35 84.9752
0.83871 0.35 96.0151
0.870968 0.35 108.016
0.903226 0.35 121.041
0.935484 0.35 135.151
0.967742 0.35 150.396
1 0.35 166.861
1.03226 0.35 184.861
0.0357143 0.36 0.0529928
0.0714286 0.36 0.0814911
0.107143 0.36 0.170765
0.142857 0.36 0.366455
0.178571 0.36 0.71398
0.214286 0.36 1.26126
0.25 0.36 2.05757
0.285714 0.36 3.15253
0.321429 0.36 4.59572
0.357143 0.36 6.43677
0.392857 0.36 8.72533
0.428571 0.36 11.5111
0.464286 0.36 14.8438
0.5 0.36 18.7731
0.535714 0.36 23.3487
0.571429 0.36 28.6204
0.607143 0.36 34.6379
0.642857 0.36 41.451
0.678571 0.36 49.11
0.714286 0.36 57.666
0.75 0.36 67.1726
0.785714 0.36 77.6874
0.821429 0.36 89.2743
0.857143 0.36 102.006
0.892857 0.36 115.961
0.928571 0.36 131.224
0.964286 0.36 147.881
1 0.36 166.016
1.03571 0.36 185.578
0.0204082 0.37 0.0530481
0.0408163 0.37 0.0649251
0.0612245 0.37 0.0897619
0.0816327 0.37 0.136965
0.102041 0.37 0.21496
0.122449 0.37 0.332043
0.142857 0.37 0.496768
0.163265 0.37 0.717998
0.183673 0.37 1.00484
0.204082 0.37 1.36652
0.22449 0.37 1.81235
0.244898 0.37 2.35163
0.265306 0.37 2.99369
0.285714 0.37 3.74784
0.306122 0.37 4.62337
0.326531 0.37 5.62963
0.346939 0.37 6.77591
0.367347 0.37 8.07156
0.387755 0.37 9.52589
0.408163 0.37 11.1483
0.428571 0.37 12.948
0.44898 0.37 14.9344
0.469388 0.37 17.1168
0.489796 0.37 19.5045
0.510204 0.37 22.107
0.530612 0.37 24.9334
0.55102 0.37 27.9933
0.571429 0.37 31.2958
0.591837 0.37 34.8504
0.612245 0.37 38.6664
0.632653 0.37 42.7533
0.653061 0.37 47.1206
0.673469 0.37 51.778
0.693878 0.37 56.7354
0.714286 0.37 62.0031
0.734694 0.37 67.5918
0.755102 0.37 73.5129
0.77551 0.37 79.7784
0.795918 0.37 86.401
0.816327 0.37 93.3944
0.836735 0.37 100.773
0.857143 0.37 108.552
0.877551 0.37 116.745
0.897959 0.37 125.369
0.918367 0.37 134.435
0.938776 0.37 143.952
0.959184 0.37 153.921
0.979592 0.37 164.328
1 0.37 175.139
1.02041 0.37 186.299
0.0204082 0.38 0.0531037
0.0408163 0.38 0.0649588
0.0612245 0.38 0.089892
0.0816327 0.38 0.137184
0.102041 0.38 0.215323
0.122449 0.38 0.332627
0.142857 0.38 0.497667
0.163265 0.38 0.719327
0.183673 0.38 1.00673
0.204082 0.38 1.36913
0.22449 0.38 1.81584
0.244898 0.38 2.3562
0.265306 0.38 2.99954
0.285714 0.38 3.75519
0.306122 0.38 4.63248
0.326531 0.38 5.64074
0.346939 0.38 6.78932
0.367347 0.38 8.08757
0.387755 0.38 9.54482
0.408163 0.38 11.1704
0.428571 0.38 12.9738
0.44898 0.38 14.9642
0.469388 0.38 17.151
0.489796 0.38 19.5435
0.510204 0.38 22.1512
0.530612 0.38 24.9833
0.55102 0.38 28.0493
0.571429 0.38 31.3585
0.591837 0.38 34.9202
0.612245 0.38 38.744
0.632653 0.38 42.8392
0.653061 0.38 47.2154
0.673469 0.38 51.8824
0.693878 0.38 56.8502
0.714286 0.38 62.1291
0.734694 0.38 67.73
0.755102 0.38 73.6644
0.77551 0.38 79.9443
0.795918 0.38 86.5826
0.816327 0.38 93.5931
0.836735 0.38 100.99
0.857143 0.38 108.788
0.877551 0.38 117.002
0.897959 0.38 125.646
0.918367 0.38 134.729
0.938776 0.38 144.258
0.959184 0.38 154.232
0.979592 0.38 164.648
1 0.38 175.532
1.02041 0.38 187.025
0.03125 0.39 0.0531594
0.0625 0.39 0.0759952
0.09375 0.39 0.141305
0.125 0.39 0.280192
0.15625 0.39 0.523042
0.1875 0.39 0.901633
0.21875 0.39 1.44895
0.25 0.39 2.19847
0.28125 0.39 3.18378
0.3125 0.39 4.43843
0.34375 0.39 5.996
0.375 0.39 7.89011
0.40625 0.39 10.1544
0.4375 0.39 12.8224
0.46875 0.39 15.9279
0.5 0.39 19.5045
0.53125 0.39 23.5858
0.5625 0.39 28.2055
0.59375 0.39 33.3972
0.625 0.39 39.1948
0.65625 0.39 45.6325
0.6875 0.39 52.7449
0.71875 0.39 60.5683
0.75 0.39 69.1409
0.78125 0.39 78.5042
0.8125 0.39 88.7033
0.84375 0.39 99.7875
0.875 0.39 111.808
0.90625 0.39 124.814
0.9375 0.39 138.844
0.96875 0.39 153.921
1 0.39 170.117
1.03125 0.39 187.756
0.0204082 0.4 0.0532153
0.0408163 0.4 0.0650201
0.0612245 0.4 0.0902729
0.0816327 0.4 0.1379
0.102041 0.4 0.21653
0.122449 0.4 0.334575
0.142857 0.4 0.500678
0.163265 0.4 0.723788
0.183673 0.4 1.01309
0.204082 0.4 1.37789
0.22449 0.4 1.82759
0.244898 0.4 2.37156
0.265306 0.4 3.01921
0.285714 0.4 3.77993
0.306122 0.4 4.66312
0.326531 0.4 5.67817
0.346939 0.4 6.83448
0.367347 0.4 8.14148
0.387755 0.4 9.60857
0.408163 0.4 11.2452
0.428571 0.4 13.0607
0.44898 0.4 15.0645
0.469388 0.4 17.2661
0.489796 0.4 19.6748
0.510204 0.4 22.3001
0.530612 0.4 25.1514
0.55102 0.4 28.2382
0.571429 0.4 31.5698
0.591837 0.4 35.1557
0.612245 0.4 39.0055
0.632653 0.4 43.1287
0.653061 0.4 47.535
0.673469 0.4 52.2346
0.693878 0.4 57.2375
0.714286 0.4 62.5546
0.734694 0.4 68.1969
0.755102 0.4 74.1762
0.77551 0.4 80.5051
0.795918 0.4 87.1966
0.816327 0.4 94.2642
0.836735 0.4 101.722
0.857143 0.4 109.583
0.877551 0.4 117.862
0.897959 0.4 126.569
0.918367 0.4 135.717
0.938776 0.4 145.318
0.959184 0.4 155.389
0.979592 0.4 165.948
1 0.4 176.998
1.02041 0.4 188.492
0.0204082 0.41 0.0532714
0.0408163 0.41 0.0651084
0.0612245 0.41 0.0904021
0.0816327 0.41 0.138121
0.102041 0.41 0.216898
0.122449 0.41 0.335167
0.142857 0.41 0.50159
0.163265 0.41 0.725136
0.183673 0.41 1.01501
0.204082 0.41 1.38054
0.22449 0.41 1.83113
0.244898 0.41 2.37619
0.265306 0.41 3.02514
0.285714 0.41 3.78739
0.306122 0.41 4.67235
0.326531 0.41 5.68944
0.346939 0.41 6.84809
0.367347 0.41 8.15773
0.387755 0.41 9.62777
0.408163 0.41 11.2677
0.428571 0.41 13.0868
0.44898 0.41 15.0947
0.469388 0.41 17.3008
0.489796 0.41 19.7144
0.510204 0.41 22.345
0.530612 0.41 25.2021
0.55102 0.41 28.2951
0.571429 0.41 31.6334
0.591837 0.41 35.2266
0.612245 0.41 39.0842
0.632653 0.41 43.2159
0.653061 0.41 47.6314
0.673469 0.41 52.3408
0.693878 0.41 57.3544
0.714286 0.41 62.683
0.734694 0.41 68.3379
0.755102 0.41 74.3309
0.77551 0.41 80.6745
0.795918 0.41 87.3819
0.816327 0.41 94.4666
0.836735 0.41 101.942
0.857143 0.41 109.822
0.877551 0.41 118.12
0.897959 0.41 126.847
0.918367 0.41 136.017
0.938776 0.41 145.642
0.959184 0.41 155.739
0.979592 0.41 166.328
1 0.41 177.449
1.02041 0.41 189.232
0.0333333 0.42 0.0533277
0.0666667 0.42 0.0790419
0.1 0.42 0.155999
0.133333 0.42 0.321886
0.166667 0.42 0.614257
0.2 0.42 1.07246
0.233333 0.42 1.73711
0.266667 0.42 2.64928
0.3 0.42 3.85006
0.333333 0.42 5.38055
0.366667 0.42 7.2819
0.4 0.42 9.59525
0.433333 0.42 12.3618
0.466667 0.42 15.6227
0.5 0.42 19.4192
0.533333 0.42 23.7925
0.566667 0.42 28.7838
0.6 0.42 34.4343
0.633333 0.42 40.7859
0.666667 0.42 47.8807
0.7 0.42 55.7625
0.733333 0.42 64.4774
0.766667 0.42 74.075
0.8 0.42 84.609
0.833333 0.42 96.1367
0.866667 0.42 108.717
0.9 0.42 122.407
0.933333 0.42 137.263
0.966667 0.42 153.352
1 0.42 170.803
1.03333 0.42 189.978
0.0243902 0.43 0.0533842
0.0487805 0.43 0.0688781
0.0731707 0.43 0.106411
0.097561 0.43 0.18101
0.121951 0.43 0.307343
0.146341 0.43 0.500203
0.170732 0.43 0.774959
0.195122 0.43 1.14745
0.219512 0.43 1.63377
0.243902 0.43 2.25008
0.268293 0.43 3.01257
0.292683 0.43 3.93745
0.317073 0.43 5.04089
0.341463 0.43 6.3391
0.365854 0.43 7.8483
0.390244 0.43 9.58468
0.414634 0.43 11.5645
0.439024 0.43 13.8039
0.463415 0.43 16.3192
0.487805 0.43 19.1266
0.512195 0.43 22.2424
0.536585 0.43 25.6826
0.560976 0.43 29.4637
0.585366 0.43 33.602
0.609756 0.43 38.1138
0.634146 0.43 43.0158
0.658537 0.43 48.3251
0.682927 0.43 54.0592
0.707317 0.43 60.2363
0.731707 0.43 66.8758
0.756098 0.43 73.9978
0.780488 0.43 81.6238
0.804878 0.43 89.7759
0.829268 0.43 98.4771
0.853659 0.43 107.75
0.878049 0.43 117.619
0.902439 0.43 128.109
0.926829 0.43 139.247
0.95122 0.43 151.067
0.97561 0.43 163.6
1 0.43 176.849
1.02439 0.43 190.728
0.0333333 0.44 0.0534409
0.0666667 0.44 0.0794312
0.1 0.44 0.15702
0.133333 0.44 0.3242
0.166667 0.44 0.618908
0.2 0.44 1.08084
0.233333 0.44 1.75096
0.266667 0.44 2.67067
0.3 0.44 3.8814
0.333333 0.44 5.4246
0.366667 0.44 7.34176
0.4 0.44 9.67439
0.433333 0.44 12.464
0.466667 0.44 15.7522
0.5 0.44 19.5803
0.533333 0.44 23.9902
0.566667 0.44 29.0232
0.6 0.44 34.7212
0.633333 0.44 41.1265
0.666667 0.44 48.2822
0.7 0.44 56.2332
0.733333 0.44 65.027
0.766667 0.44 74.7147
0.8 0.44 85.3505
0.833333 0.44 96.9916
0.866667 0.44 109.697
0.9 0.44 123.529
0.933333 0.44 138.556
0.966667 0.44 154.848
1 0.44 172.461
1.03333 0.44 191.483
0.0204082 0.45 0.0534979
0.0408163 0.45 0.0653977
0.0612245 0.45 0.0913178
0.0816327 0.45 0.139801
0.102041 0.45 0.219744
0.122449 0.45 0.339777
0.142857 0.45 0.508722
0.163265 0.45 0.735706
0.183673 0.45 1.03008
0.204082 0.45 1.40133
0.22449 0.45 1.85899
0.244898 0.45 2.41263
0.265306 0.45 3.0718
0.285714 0.45 3.84609
0.306122 0.45 4.74504
0.326531 0.45 5.77824
0.346939 0.45 6.95525
0.367347 0.45 8.28565
0.387755 0.45 9.77903
0.408163 0.45 11.445
0.428571 0.45 13.293
0.44898 0.45 15.3328
0.469388 0.45 17.5739
0.489796 0.45 20.0259
0.510204 0.45 22.6984
0.530612 0.45 25.601
0.55102 0.45 28.7433
0.571429 0.45 32.135
0.591837 0.45 35.7858
0.612245 0.45 39.7056
0.632653 0.45 43.9044
0.653061 0.45 48.3925
0.673469 0.45 53.1803
0.693878 0.45 58.2789
0.714286 0.45 63.6996
0.734694 0.45 69.4543
0.755102 0.45 75.5554
0.77551 0.45 82.0155
0.795918 0.45 88.8479
0.816327 0.45 96.066
0.836735 0.45 103.684
0.857143 0.45 111.716
0.877551 0.45 120.177
0.897959 0.45 129.081
0.918367 0.45 138.444
0.938776 0.45 148.277
0.959184 0.45 158.586
0.979592 0.45 169.369
1 0.45 180.605
1.02041 0.45 192.244
0.0204082 0.46 0.0535549
0.0408163 0.46 0.0655329
0.0612245 0.46 0.0914463
0.0816327 0.46 0.140027
0.102041 0.46 0.220122
0.122449 0.46 0.340385
0.142857 0.46 0.50966
0.163265 0.46 0.737093
0.183673 0.46 1.03206
0.204082 0.46 1.40405
0.22449 0.46 1.86264
0.244898 0.46 2.41739
0.265306 0.46 3.07791
0.285714 0.46 3.85377
0.306122 0.46 4.75455
0.326531 0.46 5.78985
0.346939 0.46 6.96926
0.367347 0.46 8.30238
0.387755 0.46 9.79881
0.408163 0.46 11.4681
0.428571 0.46 13.32
0.44898 0.46 15.364
0.469388 0.46 17.6097
0.489796 0.46 20.0667
0.510204 0.46 22.7447
0.530612 0.46 25.6532
0.55102 0.46 28.802
0.571429 0.46 32.2007
0.591837 0.46 35.859
0.612245 0.46 39.787
0.632653 0.46 43.9946
0.653061 0.46 48.4922
0.673469 0.46 53.2904
0.693878 0.46 58.4002
0.714286 0.46 63.8331
0.734694 0.46 69.601
0.755102 0.46 75.7162
0.77551 0.46 82.1916
0.795918 0.46 89.0404
0.816327 0.46 96.2761
0.836735 0.46 103.913
0.857143 0.46 111.965
0.877551 0.46 120.447
0.897959 0.46 129.374
0.918367 0.46 138.757
0.938776 0.46 148.607
0.959184 0.46 158.93
0.979592 0.46 169.731
1 0.46 181.043
1.02041 0.46 193.009
0.03125 0.47 0.0536122
0.0625 0.47 0.0769652
0.09375 0.47 0.144254
0.125 0.47 0.286629
0.15625 0.47 0.535708
0.1875 0.47 0.924218
0.21875 0.47 1.48604
0.25 0.47 2.25554
0.28125 0.47 3.26719
0.3125 0.47 4.55546
0.34375 0.47 6.15486
0.375 0.47 8.0999
0.40625 0.47 10.4251
0.4375 0.47 13.1651
0.46875 0.47 16.3543
0.5 0.47 20.0273
0.53125 0.47 24.2188
0.5625 0.47 28.9634
0.59375 0.47 34.296
0.625 0.47 40.2519
0.65625 0.47 46.8674
0.6875 0.47 54.1803
0.71875 0.47 62.2301
0.75 0.47 71.0589
0.78125 0.47 80.7112
0.8125 0.47 91.234
0.84375 0.47 102.676
0.875 0.47 115.089
0.90625 0.47 128.523
0.9375 0.47 143.022
0.96875 0.47 158.629
1 0.47 175.438
1.03125 0.47 193.779
0.04 0.48 0.0536698
0.08 0.48 0.0903784
0.12 0.48 0.213557
0.16 0.48 0.489448
0.2 0.48 0.986221
0.24 0.48 1.77513
0.28 0.48 2.92863
0.32 0.48 4.51939
0.36 0.48 6.62009
0.4 0.48 9.30347
0.44 0.48 12.6423
0.48 0.48 16.7095
0.52 0.48 21.5777
0.56 0.48 27.3201
0.6 0.48 34.0099
0.64 0.48 41.7219
0.68 0.48 50.5332
0.72 0.48 60.5254
0.76 0.48 71.7859
0.8 0.48 84.4084
0.84 0.48 98.4931
0.88 0.48 114.144
0.92 0.48 131.468
0.96 0.48 150.573
1 0.48 171.597
1.04 0.48 194.555
0.0204082 0.49 0.0537275
0.0408163 0.49 0.0658241
0.0612245 0.49 0.0919284
0.0816327 0.49 0.140961
0.102041 0.49 0.221746
0.122449 0.49 0.34301
0.142857 0.49 0.513716
0.163265 0.49 0.743101
0.183673 0.49 1.04062
0.204082 0.49 1.41586
0.22449 0.49 1.87846
0.244898 0.49 2.43809
0.265306 0.49 3.10442
0.285714 0.49 3.88711
0.306122 0.49 4.79584
0.326531 0.49 5.84029
0.346939 0.49 7.03013
0.367347 0.49 8.37504
0.387755 0.49 9.88472
0.408163 0.49 11.5689
0.428571 0.49 13.4371
0.44898 0.49 15.4992
0.469388 0.49 17.7648
0.489796 0.49 20.2437
0.510204 0.49 22.9454
0.530612 0.49 25.8799
0.55102 0.49 29.0567
0.571429 0.49 32.4858
0.591837 0.49 36.1771
0.612245 0.49 40.1407
0.632653 0.49 44.3869
0.653061 0.49 48.9263
0.673469 0.49 53.7697
0.693878 0.49 58.9285
0.714286 0.49 64.4144
0.734694 0.49 70.2397
0.755102 0.49 76.4168
0.77551 0.49 82.9588
0.795918 0.49 89.8791
0.816327 0.49 97.1916
0.836735 0.49 104.91
0.857143 0.49 113.049
0.877551 0.49 121.621
0.897959 0.49 130.643
0.918367 0.49 140.128
0.938776 0.49 150.093
0.959184 0.49 160.557
0.979592 0.49 171.541
1 0.49 183.088
1.02041 0.49 195.335
0.0333333 0.5 0.0537854
0.0666667 0.5 0.0802199
0.1 0.5 0.159305
0.133333 0.5 0.329399
0.166667 0.5 0.629337
0.2 0.5 1.09963
0.233333 0.5 1.782
0.266667 0.5 2.71858
0.3 0.5 3.9516
0.333333 0.5 5.52328
0.366667 0.5 7.47588
0.4 0.5 9.85168
0.433333 0.5 12.693
0.466667 0.5 16.0421
0.5 0.5 19.9413
0.533333 0.5 24.433
0.566667 0.5 29.5598
0.6 0.5 35.3646
0.633333 0.5 41.8913
0.666667 0.5 49.185
0.7 0.5 57.2933
0.733333 0.5 66.2664
0.766667 0.5 76.1574
0.8 0.5 87.0227
0.833333 0.5 98.9211
0.866667 0.5 111.913
0.9 0.5 126.061
0.933333 0.5 141.43
0.966667 0.5 158.097
1 0.5 176.204
1.03333 0.5 196.121
0.0204082 0.51 0.0538435
0.0408163 0.51 0.0660361
0.0612245 0.51 0.0923421
0.0816327 0.51 0.141777
0.102041 0.51 0.223138
0.122449 0.51 0.345267
0.142857 0.51 0.51721
0.163265 0.51 0.748282
0.183673 0.51 1.04801
0.204082 0.51 1.42605
0.22449 0.51 1.89212
0.244898 0.51 2.45595
0.265306 0.51 3.1273
0.285714 0.51 3.91589
0.306122 0.51 4.83149
0.326531 0.51 5.88383
0.346939 0.51 7.08268
0.367347 0.51 8.43778
0.387755 0.51 9.95891
0.408163 0.51 11.6558
0.428571 0.51 13.5383
0.44898 0.51 15.616
0.469388 0.51 17.8988
0.489796 0.51 20.3965
0.510204 0.51 23.1189
0.530612 0.51 26.0757
0.55102 0.51 29.2768
0.571429 0.51 32.7323
0.591837 0.51 36.4522
0.612245 0.51 40.4467
0.632653 0.51 44.7264
0.653061 0.51 49.3021
0.673469 0.51 54.1849
0.693878 0.51 59.3863
0.714286 0.51 64.9184
0.734694 0.51 70.7934
0.755102 0.51 77.0243
0.77551 0.51 83.6241
0.795918 0.51 90.6063
0.816327 0.51 97.985
0.836735 0.51 105.774
0.857143 0.51 113.989
0.877551 0.51 122.644
0.897959 0.51 131.757
0.918367 0.51 141.346
0.938776 0.51 151.432
0.959184 0.51 162.037
0.979592 0.51 173.172
1 0.51 184.822
1.02041 0.51 196.913
0.0204082 0.52 0.0539018
0.0408163 0.52 0.0661509
0.0612245 0.52 0.0924746
0.0816327 0.52 0.142008
0.102041 0.52 0.223525
0.122449 0.52 0.345892
0.142857 0.52 0.518176
0.163265 0.52 0.749711
0.183673 0.52 1.05004
0.204082 0.52 1.42886
0.22449 0.52 1.89588
0.244898 0.52 2.46087
0.265306 0.52 3.13359
0.285714 0.52 3.92381
0.306122 0.52 4.84129
0.326531 0.52 5.89581
0.346939 0.52 7.09713
0.367347 0.52 8.45503
0.387755 0.52 9.9793
0.408163 0.52 11.6797
0.428571 0.52 13.5661
0.44898 0.52 15.6481
0.469388 0.52 17.9357
0.489796 0.52 20.4386
0.510204 0.52 23.1665
0.530612 0.52 26.1295
0.55102 0.52 29.3373
0.571429 0.52 32.8001
0.591837 0.52 36.5278
0.612245 0.52 40.5309
0.632653 0.52 44.8199
0.653061 0.52 49.4056
0.673469 0.52 54.2992
0.693878 0.52 59.5125
0.714286 0.52 65.0572
0.734694 0.52 70.946
0.755102 0.52 77.1917
0.77551 0.52 83.8074
0.795918 0.52 90.8067
0.816327 0.52 98.2037
0.836735 0.52 106.013
0.857143 0.52 114.249
0.877551 0.52 122.927
0.897959 0.52 132.066
0.918367 0.52 141.683
0.938776 0.52 151.798
0.959184 0.52 162.426
0.979592 0.52 173.582
1 0.52 185.3
1.02041 0.52 197.709
0.0322581 0.53 0.0539603
0.0645161 0.53 0.0790991
0.0967742 0.53 0.153015
0.129032 0.53 0.310461
0.16129 0.53 0.587039
0.193548 0.53 1.01968
0.225806 0.53 1.64647
0.258065 0.53 2.50593
0.290323 0.53 3.63669
0.322581 0.53 5.07739
0.354839 0.53 6.86669
0.387097 0.53 9.04329
0.419355 0.53 11.6459
0.451613 0.53 14.7132
0.483871 0.53 18.2839
0.516129 0.53 22.3969
0.548387 0.53 27.0911
0.580645 0.53 32.4057
0.612903 0.53 38.3807
0.645161 0.53 45.0572
0.677419 0.53 52.4781
0.709677 0.53 60.6884
0.741935 0.53 69.7356
0.774194 0.53 79.6698
0.806452 0.53 90.5435
0.83871 0.53 102.412
0.870968 0.53 115.333
0.903226 0.53 129.369
0.935484 0.53 144.59
0.967742 0.53 161.071
1 0.53 178.932
1.03226 0.53 198.511
0.0238095 0.54 0.0540191
0.047619 0.54 0.0692812
0.0714286 0.54 0.106503
0.0952381 0.54 0.179256
0.119048 0.54 0.30188
0.142857 0.54 0.488759
0.166667 0.54 0.754729
0.190476 0.54 1.11504
0.214286 0.54 1.58516
0.238095 0.54 2.18069
0.261905 0.54 2.91724
0.285714 0.54 3.81041
0.309524 0.54 4.87584
0.333333 0.54 6.12914
0.357143 0.54 7.58597
0.380952 0.54 9.26195
0.404762 0.54 11.1727
0.428571 0.54 13.334
0.452381 0.54 15.7613
0.47619 0.54 18.4704
0.5 0.54 21.477
0.52381 0.54 24.7968
0.547619 0.54 28.4456
0.571429 0.54 32.4395
0.595238 0.54 36.7947
0.619048 0.54 41.5279
0.642857 0.54 46.6562
0.666667 0.54 52.1973
0.690476 0.54 58.1696
0.714286 0.54 64.5922
0.738095 0.54 71.4851
0.761905 0.54 78.8688
0.785714 0.54 86.7647
0.809524 0.54 95.1952
0.833333 0.54 104.184
0.857143 0.54 113.754
0.880952 0.54 123.934
0.904762 0.54 134.751
0.928571 0.54 146.237
0.952381 0.54 158.426
0.97619 0.54 171.348
1 0.54 185.008
1.02381 0.54 199.319
0.0333333 0.55 0.054078
0.0666667 0.55 0.0809855
0.1 0.55 0.161532
0.133333 0.55 0.334469
0.166667 0.55 0.639531
0.2 0.55 1.11801
0.233333 0.55 1.81236
0.266667 0.55 2.76548
0.3 0.55 4.02032
0.333333 0.55 5.61989
0.366667 0.55 7.60719
0.4 0.55 10.0253
0.433333 0.55 12.9172
0.466667 0.55 16.326
0.5 0.55 20.2948
0.533333 0.55 24.8669
0.566667 0.55 30.0859
0.6 0.55 35.9962
0.633333 0.55 42.6432
0.666667 0.55 50.0743
0.7 0.55 58.3392
0.733333 0.55 67.4903
0.766667 0.55 77.583
0.8 0.55 88.6757
0.833333 0.55 100.83
0.866667 0.55 114.113
0.9 0.55 128.597
0.933333 0.55 144.363
0.966667 0.55 161.491
1 0.55 180.044
1.03333 0.55 200.132
0.0204082 0.56 0.0541372
0.0408163 0.56 0.0663485
0.0612245 0.56 0.0933852
0.0816327 0.56 0.143713
0.102041 0.56 0.226437
0.122449 0.56 0.350622
0.142857 0.56 0.525504
0.163265 0.56 0.760578
0.183673 0.56 1.06555
0.204082 0.56 1.45024
0.22449 0.56 1.92454
0.244898 0.56 2.49836
0.265306 0.56 3.18162
0.285714 0.56 3.98423
0.306122 0.56 4.91613
0.326531 0.56 5.98722
0.346939 0.56 7.20746
0.367347 0.56 8.58675
0.387755 0.56 10.1351
0.408163 0.56 11.8623
0.428571 0.56 13.7784
0.44898 0.56 15.8933
0.469388 0.56 18.2171
0.489796 0.56 20.7596
0.510204 0.56 23.5308
0.530612 0.56 26.5409
0.55102 0.56 29.8
0.571429 0.56 33.3184
0.591837 0.56 37.1066
0.612245 0.56 41.1753
0.632653 0.56 45.5354
0.653061 0.56 50.1982
0.673469 0.56 55.1755
0.693878 0.56 60.4792
0.714286 0.56 66.1219
0.734694 0.56 72.1165
0.755102 0.56 78.4761
0.77551 0.56 85.2149
0.795918 0.56 92.347
0.816327 0.56 99.8876
0.836735 0.56 107.853
0.857143 0.56 116.258
0.877551 0.56 125.122
0.897959 0.56 134.461
0.918367 0.56 144.293
0.938776 0.56 154.629
0.959184 0.56 165.479
0.979592 0.56 176.837
1 0.56 188.681
1.02041 0.56 200.95
0.0204082 0.57 0.0541966
0.0408163 0.57 0.0664964
0.0612245 0.57 0.0935183
0.0816327 0.57 0.14395
0.102041 0.57 0.226835
0.122449 0.57 0.351265
0.142857 0.57 0.526497
0.163265 0.57 0.762048
0.183673 0.57 1.06764
0.204082 0.57 1.45313
0.22449 0.57 1.92841
0.244898 0.57 2.50342
0.265306 0.57 3.1881
0.285714 0.57 3.99239
0.306122 0.57 4.92622
0.326531 0.57 5.99956
0.346939 0.57 7.22234
0.367347 0.57 8.60452
0.387755 0.57 10.1561
0.408163 0.57 11.8869
0.428571 0.57 13.807
0.44898 0.57 15.9264
0.469388 0.57 18.255
0.489796 0.57 20.8029
0.510204 0.57 23.58
0.530612 0.57 26.5964
0.55102 0.57 29.8625
0.571429 0.57 33.3884
0.591837 0.57 37.1848
0.612245 0.57 41.2623
0.632653 0.57 45.6321
0.653061 0.57 50.3054
0.673469 0.57 55.2941
0.693878 0.57 60.6101
0.714286 0.57 66.2661
0.734694 0.57 72.275
0.755102 0.57 78.6503
0.77551 0.57 85.4058
0.795918 0.57 92.5562
0.816327 0.57 100.117
0.836735 0.57 108.103
0.857143 0.57 116.532
0.877551 0.57 125.42
0.897959 0.57 134.784
0.918367 0.57 144.639
0.938776 0.57 154.995
0.959184 0.57 165.859
0.979592 0.57 177.236
1 0.57 189.16
1.02041 0.57 201.775
0.03125 0.58 0.0542562
0.0625 0.58 0.0783989
0.09375 0.58 0.148331
0.125 0.58 0.295651
0.15625 0.58 0.553494
0.1875 0.58 0.955951
0.21875 0.58 1.53817
0.25 0.58 2.33577
0.28125 0.58 3.38447
0.3125 0.58 4.72005
0.34375 0.58 6.3783
0.375 0.58 8.395
0.40625 0.58 10.806
0.4375 0.58 13.6471
0.46875 0.58 16.9541
0.5 0.58 20.7631
0.53125 0.58 25.1101
0.5625 0.58 30.0316
0.59375 0.58 35.5647
0.625 0.58 41.7477
0.65625 0.58 48.6202
0.6875 0.58 56.2238
0.71875 0.58 64.6019
0.75 0.58 73.8005
0.78125 0.58 83.8681
0.8125 0.58 94.8562
0.84375 0.58 106.82
0.875 0.58 119.817
0.90625 0.58 133.906
0.9375 0.58 149.139
0.96875 0.58 165.56
1 0.58 183.269
1.03125 0.58 202.604
0.0344828 0.59 0.054316
0.0689655 0.59 0.0832667
0.103448 0.59 0.172034
0.137931 0.59 0.363829
0.172414 0.59 0.703656
0.206897 0.59 1.23814
0.241379 0.59 2.0151
0.275862 0.59 3.08274
0.310345 0.59 4.48933
0.344828 0.59 6.28319
0.37931 0.59 8.51265
0.413793 0.59 11.2261
0.448276 0.59 14.4719
0.482759 0.59 18.2984
0.517241 0.59 22.7545
0.551724 0.59 27.8889
0.586207 0.59 33.7517
0.62069 0.59 40.394
0.655172 0.59 47.8692
0.689655 0.59 56.233
0.724138 0.59 65.5447
0.758621 0.59 75.8669
0.793103 0.59 87.2662
0.827586 0.59 99.8139
0.862069 0.59 113.585
0.896552 0.59 128.658
0.931034 0.59 145.108
0.965517 0.59 163.018
1 0.59 182.478
1.03448 0.59 203.44
0.0204082 0.6 0.054376
0.0408163 0.6 0.0664996
0.0612245 0.6 0.0942364
0.0816327 0.6 0.145379
0.102041 0.6 0.22929
0.122449 0.6 0.355258
0.142857 0.6 0.53269
0.163265 0.6 0.771236
0.183673 0.6 1.08075
0.204082 0.6 1.47121
0.22449 0.6 1.95266
0.244898 0.6 2.53514
0.265306 0.6 3.22874
0.285714 0.6 4.04352
0.306122 0.6 4.98955
0.326531 0.6 6.07693
0.346939 0.6 7.31571
0.367347 0.6 8.71601
0.387755 0.6 10.2879
0.408163 0.6 12.0415
0.428571 0.6 13.9868
0.44898 0.6 16.134
0.469388 0.6 18.4933
0.489796 0.6 21.0747
0.510204 0.6 23.8886
0.530612 0.6 26.9451
0.55102 0.6 30.2548
0.571429 0.6 33.8283
0.591837 0.6 37.6763
0.612245 0.6 41.81
0.632653 0.6 46.2408
0.653061 0.6 50.9803
0.673469 0.6 56.0406
0.693878 0.6 61.4345
0.714286 0.6 67.1747
0.734694 0.6 73.2749
0.755102 0.6 79.749
0.77551 0.6 86.6115
0.795918 0.6 93.8775
0.816327 0.6 101.562
0.836735 0.6 109.682
0.857143 0.6 118.253
0.877551 0.6 127.29
0.897959 0.6 136.81
0.918367 0.6 146.826
0.938776 0.6 157.348
0.959184 0.6 168.379
0.979592 0.6 179.905
1 0.6 191.891
1.02041 0.6 204.281
0.0204082 0.61 0.0544362
0.0408163 0.61 0.066541
0.0612245 0.61 0.0943747
0.0816327 0.61 0.14562
0.102041 0.61 0.229697
0.122449 0.61 0.355916
0.142857 0.61 0.533707
0.163265 0.61 0.772743
0.183673 0.61 1.0829
0.204082 0.61 1.47417
0.22449 0.61 1.95663
0.244898 0.61 2.54033
0.265306 0.61 3.23539
0.285714 0.61 4.05188
0.306122 0.61 4.99991
0.326531 0.61 6.08957
0.346939 0.61 7.33098
0.367347 0.61 8.73423
0.387755 0.61 10.3094
0.408163 0.61 12.0667
0.428571 0.61 14.0162
0.44898 0.61 16.168
0.469388 0.61 18.5322
0.489796 0.61 21.1192
0.510204 0.61 23.939
0.530612 0.61 27.0021
0.55102 0.61 30.319
0.571429 0.61 33.9003
0.591837 0.61 37.7568
0.612245 0.61 41.8997
0.632653 0.61 46.3404
0.653061 0.61 51.0908
0.673469 0.61 56.163
0.693878 0.61 61.5697
0.714286 0.61 67.3238
0.734694 0.61 73.439
0.755102 0.61 79.9293
0.77551 0.61 86.8095
0.795918 0.61 94.0944
0.816327 0.61 101.8
0.836735 0.61 109.941
0.857143 0.61 118.535
0.877551 0.61 127.596
0.897959 0.61 137.139
0.918367 0.61 147.176
0.938776 0.61 157.714
0.959184 0.61 168.753
0.979592 0.61 180.293
1 0.61 192.367
1.02041 0.61 205.128
0.0294118 0.62 0.0544967
0.0588235 0.62 0.0764058
0.0882353 0.62 0.138295
0.117647 0.62 0.265949
0.147059 0.62 0.487651
0.176471 0.62 0.832088
0.205882 0.62 1.32885
0.235294 0.62 2.00799
0.264706 0.62 2.89974
0.294118 0.62 4.03437
0.323529 0.62 5.44216
0.352941 0.62 7.15342
0.382353 0.62 9.19845
0.411765 0.62 11.6076
0.441176 0.62 14.4112
0.470588 0.62 17.6396
0.5 0.62 21.3234
0.529412 0.62 25.4934
0.558824 0.62 30.1806
0.588235 0.62 35.4171
0.617647 0.62 41.2356
0.647059 0.62 47.6702
0.676471 0.62 54.7564
0.705882 0.62 62.5315
0.735294 0.62 71.0349
0.764706 0.62 80.3078
0.794118 0.62 90.394
0.823529 0.62 101.339
0.852941 0.62 113.19
0.882353 0.62 125.992
0.911765 0.62 139.788
0.941176 0.62 154.61
0.970588 0.62 170.484
1 0.62 187.501
1.02941 0.62 205.981
0.0204082 0.63 0.0545574
0.0408163 0.63 0.0662464
0.0612245 0.63 0.0947201
0.0816327 0.63 0.14635
0.102041 0.63 0.230943
0.122449 0.63 0.357941
0.142857 0.63 0.536846
0.163265 0.63 0.777398
0.183673 0.63 1.08954
0.204082 0.63 1.48333
0.22449 0.63 1.9689
0.244898 0.63 2.5564
0.265306 0.63 3.25596
0.285714 0.63 4.07777
0.306122 0.63 5.03197
0.326531 0.63 6.12875
0.346939 0.63 7.37826
0.367347 0.63 8.79068
0.387755 0.63 10.3762
0.408163 0.63 12.145
0.428571 0.63 14.1072
0.44898 0.63 16.2731
0.469388 0.63 18.6529
0.489796 0.63 21.2569
0.510204 0.63 24.0954
0.530612 0.63 27.1789
0.55102 0.63 30.518
0.571429 0.63 34.1234
0.591837 0.63 38.0063
0.612245 0.63 42.1779
0.632653 0.63 46.6498
0.653061 0.63 51.434
0.673469 0.63 56.5429
0.693878 0.63 61.9894
0.714286 0.63 67.7868
0.734694 0.63 73.9489
0.755102 0.63 80.4899
0.77551 0.63 87.4246
0.795918 0.63 94.7682
0.816327 0.63 102.536
0.836735 0.63 110.744
0.857143 0.63 119.406
0.877551 0.63 128.537
0.897959 0.63 138.151
0.918367 0.63 148.26
0.938776 0.63 158.881
0.959184 0.63 170.036
0.979592 0.63 181.747
1 0.63 194.027
1.02041 0.63 206.84
0.0204082 0.64 0.0546183
0.0408163 0.64 0.0662175
0.0612245 0.64 0.09486
0.0816327 0.64 0.146593
0.102041 0.64 0.231355
0.122449 0.64 0.358608
0.142857 0.64 0.537877
0.163265 0.64 0.778925
0.183673 0.64 1.09172
0.204082 0.64 1.48634
0.22449 0.64 1.97293
0.244898 0.64 2.56166
0.265306 0.64 3.2627
0.285714 0.64 4.08625
0.306122 0.64 5.04248
0.326531 0.64 6.14158
0.346939 0.64 7.39374
0.367347 0.64 8.80916
0.387755 0.64 10.398
0.408163 0.64 12.1706
0.428571 0.64 14.137
0.44898 0.64 16.3075
0.469388 0.64 18.6924
0.489796 0.64 21.302
0.510204 0.64 24.1466
0.530612 0.64 27.2368
0.55102 0.64 30.5832
0.571429 0.64 34.1966
0.591837 0.64 38.0881
0.612245 0.64 42.2691
0.632653 0.64 46.7512
0.653061 0.64 51.5465
0.673469 0.64 56.6676
0.693878 0.64 62.1272
0.714286 0.64 67.9388
0.734694 0.64 74.1162
0.755102 0.64 80.6738
0.77551 0.64 87.6265
0.795918 0.64 94.9892
0.816327 0.64 102.777
0.836735 0.64 111.006
0.857143 0.64 119.691
0.877551 0.64 128.845
0.897959 0.64 138.483
0.918367 0.64 148.62
0.938776 0.64 159.272
0.959184 0.64 170.462
0.979592 0.64 182.215
1 0.64 194.584
1.02041 0.64 207.705
0.0333333 0.65 0.0546795
0.0666667 0.65 0.0823587
0.1 0.65 0.165856
0.133333 0.65 0.34434
0.166667 0.65 0.659401
0.2 0.65 1.15384
0.233333 0.65 1.87158
0.266667 0.65 2.85695
0.3 0.65 4.15439
0.333333 0.65 5.80838
0.366667 0.65 7.8634
0.4 0.65 10.364
0.433333 0.65 13.3547
0.466667 0.65 16.8801
0.5 0.65 20.9852
0.533333 0.65 25.715
0.566667 0.65 31.1157
0.6 0.65 37.2346
0.633333 0.65 44.1207
0.666667 0.65 51.8254
0.7 0.65 60.4027
0.733333 0.65 69.9101
0.766667 0.65 80.4082
0.8 0.65 91.9609
0.833333 0.65 104.634
0.866667 0.65 118.493
0.9 0.65 133.602
0.933333 0.65 150.028
0.966667 0.65 167.853
1 0.65 187.238
1.03333 0.65 208.576
0.0204082 0.66 0.0547408
0.0408163 0.66 0.0667908
0.0612245 0.66 0.0953238
0.0816327 0.66 0.147466
0.102041 0.66 0.232856
0.122449 0.66 0.361052
0.142857 0.66 0.541669
0.163265 0.66 0.784553
0.183673 0.66 1.09975
0.204082 0.66 1.49742
0.22449 0.66 1.98778
0.244898 0.66 2.58109
0.265306 0.66 3.28761
0.285714 0.66 4.11758
0.306122 0.66 5.08129
0.326531 0.66 6.18899
0.346939 0.66 7.45096
0.367347 0.66 8.87749
0.387755 0.66 10.4788
0.408163 0.66 12.2653
0.428571 0.66 14.2472
0.44898 0.66 16.4348
0.469388 0.66 18.8385
0.489796 0.66 21.4688
0.510204 0.66 24.336
0.530612 0.66 27.451
0.55102 0.66 30.8244
0.571429 0.66 34.4672
0.591837 0.66 38.3908
0.612245 0.66 42.6068
0.632653 0.66 47.1269
0.653061 0.66 51.9636
0.673469 0.66 57.1295
0.693878 0.66 62.6378
0.714286 0.66 68.5022
0.734694 0.66 74.7367
0.755102 0.66 81.3559
0.77551 0.66 88.3745
0.795918 0.66 95.8078
0.816327 0.66 103.671
0.836735 0.66 111.979
0.857143 0.66 120.747
0.877551 0.66 129.993
0.897959 0.66 139.732
0.918367 0.66 149.986
0.938776 0.66 160.777
0.959184 0.66 172.126
0.979592 0.66 184.045
1 0.66 196.515
1.02041 0.66 209.453
0.0204082 0.67 0.0548024
0.0408163 0.67 0.0669454
0.0612245 0.67 0.0954595
0.0816327 0.67 0.147712
0.102041 0.67 0.233274
0.122449 0.67 0.361729
0.142857 0.67 0.542717
0.163265 0.67 0.786106
0.183673 0.67 1.10196
0.204082 0.67 1.50047
0.22449 0.67 1.99187
0.244898 0.67 2.58644
0.265306 0.67 3.29446
0.285714 0.67 4.1262
0.306122 0.67 5.09196
0.326531 0.67 6.20203
0.346939 0.67 7.46671
0.367347 0.67 8.89628
0.387755 0.67 10.5011
0.408163 0.67 12.2914
0.428571 0.67 14.2775
0.44898 0.67 16.4698
0.469388 0.67 18.8787
0.489796 0.67 21.5147
0.510204 0.67 24.3882
0.530612 0.67 27.5099
0.55102 0.67 30.8908
0.571429 0.67 34.5417
0.591837 0.67 38.4742
0.612245 0.67 42.6998
0.632653 0.67 47.2304
0.653061 0.67 52.0785
0.673469 0.67 57.2568
0.693878 0.67 62.7785
0.714286 0.67 68.6575
0.734694 0.67 74.9077
0.755102 0.67 81.5438
0.77551 0.67 88.5807
0.795918 0.67 96.0332
0.816327 0.67 103.917
0.836735 0.67 112.247
0.857143 0.67 121.039
0.877551 0.67 130.311
0.897959 0.67 140.08
0.918367 0.67 150.365
0.938776 0.67 161.186
0.959184 0.67 172.561
0.979592 0.67 184.504
1 0.67 197.049
1.02041 0.67 210.337
0.0322581 0.68 0.0548642
0.0645161 0.68 0.0810912
0.0967742 0.68 0.159276
0.129032 0.68 0.324544
0.16129 0.68 0.615129
0.193548 0.68 1.0701
0.225806 0.68 1.72955
0.258065 0.68 2.63405
0.290323 0.68 3.82425
0.322581 0.68 5.34087
0.354839 0.68 7.22463
0.387097 0.68 9.51628
0.419355 0.68 12.2566
0.451613 0.68 15.4865
0.483871 0.68 19.2469
0.516129 0.68 23.5793
0.548387 0.68 28.5255
0.580645 0.68 34.1288
0.612903 0.68 40.4335
0.645161 0.68 47.4861
0.677419 0.68 55.3352
0.709677 0.68 64.0322
0.741935 0.68 73.6314
0.774194 0.68 84.1893
0.806452 0.68 95.7648
0.83871 0.68 108.418
0.870968 0.68 122.212
0.903226 0.68 137.212
0.935484 0.68 153.492
0.967742 0.68 171.13
1 0.68 190.256
1.03226 0.68 211.226
0.0204082 0.69 0.0549263
0.0408163 0.69 0.0666927
0.0612245 0.69 0.0958687
0.0816327 0.69 0.148554
0.102041 0.69 0.234728
0.122449 0.69 0.364098
0.142857 0.69 0.546392
0.163265 0.69 0.79156
0.183673 0.69 1.10975
0.204082 0.69 1.51121
0.22449 0.69 2.00627
0.244898 0.69 2.60529
0.265306 0.69 3.3186
0.285714 0.69 4.15658
0.306122 0.69 5.12959
0.326531 0.69 6.248
0.346939 0.69 7.52219
0.367347 0.69 8.96253
0.387755 0.69 10.5794
0.408163 0.69 12.3832
0.428571 0.69 14.3843
0.44898 0.69 16.5933
0.469388 0.69 19.0205
0.489796 0.69 21.6765
0.510204 0.69 24.572
0.530612 0.69 27.7179
0.55102 0.69 31.125
0.571429 0.69 34.8047
0.591837 0.69 38.7685
0.612245 0.69 43.0282
0.632653 0.69 47.596
0.653061 0.69 52.4844
0.673469 0.69 57.7066
0.693878 0.69 63.276
0.714286 0.69 69.2065
0.734694 0.69 75.5123
0.755102 0.69 82.2082
0.77551 0.69 89.3092
0.795918 0.69 96.8305
0.816327 0.69 104.788
0.836735 0.69 113.198
0.857143 0.69 122.076
0.877551 0.69 131.443
0.897959 0.69 141.315
0.918367 0.69 151.714
0.938776 0.69 162.662
0.959184 0.69 174.181
0.979592 0.69 186.284
1 0.69 198.956
1.02041 0.69 212.122
0.0204082 0.7 0.0549886
0.0408163 0.7 0.0667545
0.0612245 0.7 0.0960078
0.0816327 0.7 0.148804
0.102041 0.7 0.235152
0.122449 0.7 0.364785
0.142857 0.7 0.547456
0.163265 0.7 0.793137
0.183673 0.7 1.11199
0.204082 0.7 1.51431
0.22449 0.7 2.01043
0.244898 0.7 2.61072
0.265306 0.7 3.32556
0.285714 0.7 4.16534
0.306122 0.7 5.14044
0.326531 0.7 6.26125
0.346939 0.7 7.53818
0.367347 0.7 8.98162
0.387755 0.7 10.602
0.408163 0.7 12.4097
0.428571 0.7 14.4151
0.44898 0.7 16.6289
0.469388 0.7 19.0613
0.489796 0.7 21.7231
0.510204 0.7 24.625
0.530612 0.7 27.7778
0.55102 0.7 31.1926
0.571429 0.7 34.8806
0.591837 0.7 38.8535
0.612245 0.7 43.123
0.632653 0.7 47.7015
0.653061 0.7 52.6017
0.673469 0.7 57.8366
0.693878 0.7 63.4197
0.714286 0.7 69.365
0.734694 0.7 75.6869
0.755102 0.7 82.4001
0.77551 0.7 89.5197
0.795918 0.7 97.061
0.816327 0.7 105.04
0.836735 0.7 113.473
0.857143 0.7 122.377
0.877551 0.7 131.771
0.897959 0.7 141.673
0.918367 0.7 152.104
0.938776 0.7 163.084
0.959184 0.7 174.631
0.979592 0.7 186.761
1 0.7 199.513
1.02041 0.7 213.024
0.0322581 0.71 0.0550511
0.0645161 0.71 0.0814049
0.0967742 0.71 0.160476
0.129032 0.71 0.32726
0.16129 0.71 0.620555
0.193548 0.71 1.07984
0.225806 0.71 1.74561
0.258065 0.71 2.65882
0.290323 0.71 3.86052
0.322581 0.71 5.39182
0.354839 0.71 7.29386
0.387097 0.71 9.60778
0.419355 0.71 12.3748
0.451613 0.71 15.6362
0.483871 0.71 19.4334
0.516129 0.71 23.8085
0.548387 0.71 28.8041
0.580645 0.71 34.4641
0.612903 0.71 40.8338
0.645161 0.71 47.9609
0.677419 0.71 55.8951
0.709677 0.71 64.6889
0.741935 0.71 74.3975
0.774194 0.71 85.0784
0.806452 0.71 96.7917
0.83871 0.71 109.6
0.870968 0.71 123.57
0.903226 0.71 138.772
0.935484 0.71 155.284
0.967742 0.71 173.187
1 0.71 192.617
1.03226 0.71 213.933
0.0204082 0.72 0.0551139
0.0408163 0.72 0.0666401
0.0612245 0.72 0.0964081
0.0816327 0.72 0.149656
0.102041 0.72 0.236626
0.122449 0.72 0.36719
0.142857 0.72 0.551189
0.163265 0.72 0.798678
0.183673 0.72 1.1199
0.204082 0.72 1.52522
0.22449 0.72 2.02506
0.244898 0.72 2.62986
0.265306 0.72 3.35009
0.285714 0.72 4.1962
0.306122 0.72 5.17867
0.326531 0.72 6.30797
0.346939 0.72 7.59457
0.367347 0.72 9.04895
0.387755 0.72 10.6816
0.408163 0.72 12.503
0.428571 0.72 14.5238
0.44898 0.72 16.7544
0.469388 0.72 19.2054
0.489796 0.72 21.8877
0.510204 0.72 24.8121
0.530612 0.72 27.9895
0.55102 0.72 31.4311
0.571429 0.72 35.1485
0.591837 0.72 39.1534
0.612245 0.72 43.4579
0.632653 0.72 48.0744
0.653061 0.72 53.016
0.673469 0.72 58.2958
0.693878 0.72 63.9276
0.714286 0.72 69.9256
0.734694 0.72 76.3044
0.755102 0.72 83.0788
0.77551 0.72 90.2644
0.795918 0.72 97.8769
0.816327 0.72 105.933
0.836735 0.72 114.449
0.857143 0.72 123.444
0.877551 0.72 132.937
0.897959 0.72 142.947
0.918367 0.72 153.497
0.938776 0.72 164.609
0.959184 0.72 176.305
0.979592 0.72 188.598
1 0.72 201.472
1.02041 0.72 214.848
0.0204082 0.73 0.0551769
0.0408163 0.73 0.0667142
0.0612245 0.73 0.0965468
0.0816327 0.73 0.149908
0.102041 0.73 0.237056
0.122449 0.73 0.367888
0.142857 0.73 0.55227
0.163265 0.73 0.80028
0.183673 0.73 1.12219
0.204082 0.73 1.52837
0.22449 0.73 2.02928
0.244898 0.73 2.63539
0.265306 0.73 3.35717
0.285714 0.73 4.20511
0.306122 0.73 5.1897
0.326531 0.73 6.32144
0.346939 0.73 7.61082
0.367347 0.73 9.06836
0.387755 0.73 10.7046
0.408163 0.73 12.5299
0.428571 0.73 14.5551
0.44898 0.73 16.7905
0.469388 0.73 19.247
0.489796 0.73 21.9352
0.510204 0.73 24.866
0.530612 0.73 28.0505
0.55102 0.73 31.5
0.571429 0.73 35.2258
0.591837 0.73 39.24
0.612245 0.73 43.5545
0.632653 0.73 48.1821
0.653061 0.73 53.1356
0.673469 0.73 58.4284
0.693878 0.73 64.0743
0.714286 0.73 70.0876
0.734694 0.73 76.4828
0.755102 0.73 83.275
0.77551 0.73 90.4797
0.795918 0.73 98.113
0.816327 0.73 106.191
0.836735 0.73 114.732
0.857143 0.73 123.754
0.877551 0.73 133.275
0.897959 0.73 143.317
0.918367 0.73 153.9
0.938776 0.73 165.044
0.959184 0.73 176.769
0.979592 0.73 189.089
1 0.73 202.043
1.02041 0.73 215.77
0.0322581 0.74 0.0552401
0.0645161 0.74 0.0817194
0.0967742 0.74 0.161692
0.129032 0.74 0.330018
0.16129 0.74 0.626066
0.193548 0.74 1.08973
0.225806 0.74 1.76193
0.258065 0.74 2.68399
0.290323 0.74 3.89737
0.322581 0.74 5.4436
0.354839 0.74 7.36421
0.387097 0.74 9.70076
0.419355 0.74 12.4949
0.451613 0.74 15.7883
0.483871 0.74 19.6231
0.516129 0.74 24.0417
0.548387 0.74 29.0877
0.580645 0.74 34.8056
0.612903 0.74 41.242
0.645161 0.74 48.4453
0.677419 0.74 56.4665
0.709677 0.74 65.3594
0.741935 0.74 75.18
0.774194 0.74 85.9874
0.806452 0.74 97.8432
0.83871 0.74 110.813
0.870968 0.74 124.967
0.903226 0.74 140.38
0.935484 0.74 157.133
0.967742 0.74 175.309
1 0.74 195.044
1.03226 0.74 216.698
0.0204082 0.75 0.0553036
0.0408163 0.75 0.0666252
0.0612245 0.75 0.0969492
0.0816327 0.75 0.15077
0.102041 0.75 0.238552
0.122449 0.75 0.370329
0.142857 0.75 0.556061
0.163265 0.75 0.805909
0.183673 0.75 1.13022
0.204082 0.75 1.53946
0.22449 0.75 2.04415
0.244898 0.75 2.65484
0.265306 0.75 3.38209
0.285714 0.75 4.23647
0.306122 0.75 5.22855
0.326531 0.75 6.36891
0.346939 0.75 7.66813
0.367347 0.75 9.13678
0.387755 0.75 10.7855
0.408163 0.75 12.6248
0.428571 0.75 14.6655
0.44898 0.75 16.9182
0.469388 0.75 19.3936
0.489796 0.75 22.1026
0.510204 0.75 25.0564
0.530612 0.75 28.266
0.55102 0.75 31.7429
0.571429 0.75 35.4988
0.591837 0.75 39.5457
0.612245 0.75 43.896
0.632653 0.75 48.5626
0.653061 0.75 53.5584
0.673469 0.75 58.8972
0.693878 0.75 64.593
0.714286 0.75 70.6603
0.734694 0.75 77.1138
0.755102 0.75 83.9692
0.77551 0.75 91.2421
0.795918 0.75 98.9493
0.816327 0.75 107.108
0.836735 0.75 115.736
0.857143 0.75 124.852
0.877551 0.75 134.477
0.897959 0.75 144.63
0.918367 0.75 155.335
0.938776 0.75 166.615
0.959184 0.75 178.49
0.979592 0.75 190.974
1 0.75 204.049
1.02041 0.75 217.633
0.0204082 0.76 0.0553673
0.0408163 0.76 0.0667023
0.0612245 0.76 0.0970882
0.0816327 0.76 0.151025
0.102041 0.76 0.238988
0.122449 0.76 0.371037
0.142857 0.76 0.557158
0.163265 0.76 0.807536
0.183673 0.76 1.13254
0.204082 0.76 1.54266
0.22449 0.76 2.04844
0.244898 0.76 2.66045
0.265306 0.76 3.38928
0.285714 0.76 4.24552
0.306122 0.76 5.23976
0.326531 0.76 6.3826
0.346939 0.76 7.68465
0.367347 0.76 9.15651
0.387755 0.76 10.8088
0.408163 0.76 12.6522
0.428571 0.76 14.6973
0.44898 0.76 16.9549
0.469388 0.76 19.4358
0.489796 0.76 22.1509
0.510204 0.76 25.1113
0.530612 0.76 28.3281
0.55102 0.76 31.813
0.571429 0.76 35.5776
0.591837 0.76 39.634
0.612245 0.76 43.9946
0.632653 0.76 48.6724
0.653061 0.76 53.6805
0.673469 0.76 59.0327
0.693878 0.76 64.7429
0.714286 0.76 70.8258
0.734694 0.76 77.2963
0.755102 0.76 84.1699
0.77551 0.76 91.4627
0.795918 0.76 99.1914
0.816327 0.76 107.373
0.836735 0.76 116.027
0.857143 0.76 125.171
0.877551 0.76 134.825
0.897959 0.76 145.011
0.918367 0.76 155.75
0.938776 0.76 167.063
0.959184 0.76 178.967
0.979592 0.76 191.478
1 0.76 204.634
1.02041 0.76 218.575
0.0322581 0.77 0.0554313
0.0645161 0.77 0.0820974
0.0967742 0.77 0.162923
0.129032 0.77 0.332817
0.16129 0.77 0.631664
0.193548 0.77 1.09979
0.225806 0.77 1.77851
0.258065 0.77 2.70956
0.290323 0.77 3.93483
0.322581 0.77 5.49623
0.354839 0.77 7.43572
0.387097 0.77 9.79528
0.419355 0.77 12.617
0.451613 0.77 15.943
0.483871 0.77 19.816
0.516129 0.77 24.279
0.548387 0.77 29.3764
0.580645 0.77 35.1536
0.612903 0.77 41.6581
0.645161 0.77 48.9395
0.677419 0.77 57.0499
0.709677 0.77 66.0442
0.741935 0.77 75.9799
0.774194 0.77 86.9176
0.806452 0.77 98.9213
0.83871 0.77 112.059
0.870968 0.77 126.405
0.903226 0.77 142.037
0.935484 0.77 159.038
0.967742 0.77 177.491
1 0.77 197.532
1.03226 0.77 219.523
0.0204082 0.78 0.0554955
0.0408163 0.78 0.0667604
0.0612245 0.78 0.0975207
0.0816327 0.78 0.151899
0.102041 0.78 0.240506
0.122449 0.78 0.373516
0.142857 0.78 0.561009
0.163265 0.78 0.813254
0.183673 0.78 1.1407
0.204082 0.78 1.55393
0.22449 0.78 2.06355
0.244898 0.78 2.68023
0.265306 0.78 3.41462
0.285714 0.78 4.2774
0.306122 0.78 5.27925
0.326531 0.78 6.43086
0.346939 0.78 7.7429
0.367347 0.78 9.22607
0.387755 0.78 10.8911
0.408163 0.78 12.7487
0.428571 0.78 14.8096
0.44898 0.78 17.0847
0.469388 0.78 19.585
0.489796 0.78 22.3213
0.510204 0.78 25.305
0.530612 0.78 28.5475
0.55102 0.78 32.0604
0.571429 0.78 35.8557
0.591837 0.78 39.9457
0.612245 0.78 44.343
0.632653 0.78 49.0607
0.653061 0.78 54.1122
0.673469 0.78 59.5114
0.693878 0.78 65.2728
0.714286 0.78 71.4112
0.734694 0.78 77.9418
0.755102 0.78 84.8806
0.77551 0.78 92.2441
0.795918 0.78 100.049
0.816327 0.78 108.315
0.836735 0.78 117.059
0.857143 0.78 126.301
0.877551 0.78 136.062
0.897959 0.78 146.363
0.918367 0.78 157.227
0.938776 0.78 168.677
0.959184 0.78 180.734
0.979592 0.78 193.411
1 0.78 206.687
1.02041 0.78 220.479
0.0204082 0.79 0.0555599
0.0408163 0.79 0.0667963
0.0612245 0.79 0.0976624
0.0816327 0.79 0.152157
0.102041 0.79 0.240948
0.122449 0.79 0.374235
0.142857 0.79 0.562124
0.163265 0.79 0.814907
0.183673 0.79 1.14306
0.204082 0.79 1.55718
0.22449 0.79 2.06791
0.244898 0.79 2.68593
0.265306 0.79 3.42193
0.285714 0.79 4.2866
0.306122 0.79 5.29064
0.326531 0.79 6.44477
0.346939 0.79 7.75969
0.367347 0.79 9.24612
0.387755 0.79 10.9148
0.408163 0.79 12.7765
0.428571 0.79 14.842
0.44898 0.79 17.1222
0.469388 0.79 19.628
0.489796 0.79 22.3705
0.510204 0.79 25.3609
0.530612 0.79 28.6108
0.55102 0.79 32.1319
0.571429 0.79 35.936
0.591837 0.79 40.0357
0.612245 0.79 44.4436
0.632653 0.79 49.1728
0.653061 0.79 54.2369
0.673469 0.79 59.6498
0.693878 0.79 65.426
0.714286 0.79 71.5804
0.734694 0.79 78.1285
0.755102 0.79 85.0862
0.77551 0.79 92.4702
0.795918 0.79 100.298
0.816327 0.79 108.587
0.836735 0.79 117.358
0.857143 0.79 126.628
0.877551 0.79 136.42
0.897959 0.79 146.755
0.918367 0.79 157.653
0.938776 0.79 169.137
0.959184 0.79 181.223
0.979592 0.79 193.927
1 0.79 207.286
1.02041 0.79 221.441
0.0322581 0.8 0.0556246
0.0645161 0.8 0.0824989
0.0967742 0.8 0.16417
0.129032 0.8 0.33566
0.16129 0.8 0.637351
0.193548 0.8 1.11001
0.225806 0.8 1.79536
0.258065 0.8 2.73556
0.290323 0.8 3.9729
0.322581 0.8 5.54973
0.354839 0.8 7.50841
0.387097 0.8 9.89136
0.419355 0.8 12.7411
0.451613 0.8 16.1003
0.483871 0.8 20.0122
0.516129 0.8 24.5206
0.548387 0.8 29.6705
0.580645 0.8 35.5083
0.612903 0.8 42.0825
0.645161 0.8 49.4439
0.677419 0.8 57.6457
0.709677 0.8 66.7441
0.741935 0.8 76.7982
0.774194 0.8 87.8706
0.806452 0.8 100.028
0.83871 0.8 113.34
0.870968 0.8 127.885
0.903226 0.8 143.743
0.935484 0.8 160.996
0.967742 0.8 179.729
1 0.8 200.08
1.03226 0.8 222.41
0.0204082 0.81 0.0556896
0.0408163 0.81 0.0669623
0.0612245 0.81 0.0981058
0.0816327 0.81 0.153042
0.102041 0.81 0.242488
0.122449 0.81 0.376753
0.142857 0.81 0.566036
0.163265 0.81 0.820718
0.183673 0.81 1.15136
0.204082 0.81 1.56863
0.22449 0.81 2.08327
0.244898 0.81 2.70602
0.265306 0.81 3.44768
0.285714 0.81 4.319
0.306122 0.81 5.33079
0.326531 0.81 6.49383
0.346939 0.81 7.81891
0.367347 0.81 9.31684
0.387755 0.81 10.9984
0.408163 0.81 12.8746
0.428571 0.81 14.9562
0.44898 0.81 17.2542
0.469388 0.81 19.7797
0.489796 0.81 22.5439
0.510204 0.81 25.5582
0.530612 0.81 28.8343
0.55102 0.81 32.384
0.571429 0.81 36.2196
0.591837 0.81 40.3536
0.612245 0.81 44.799
0.632653 0.81 49.5691
0.653061 0.81 54.6777
0.673469 0.81 60.139
0.693878 0.81 65.9678
0.714286 0.81 72.1793
0.734694 0.81 78.7893
0.755102 0.81 85.8144
0.77551 0.81 93.2716
0.795918 0.81 101.179
0.816327 0.81 109.555
0.836735 0.81 118.418
0.857143 0.81 127.791
0.877551 0.81 137.692
0.897959 0.81 148.145
0.918367 0.81 159.171
0.938776 0.81 170.795
0.959184 0.81 183.036
0.979592 0.81 195.906
1 0.81 209.385
1.02041 0.81 223.387
0.0204082 0.82 0.0557548
0.0408163 0.82 0.0670465
0.0612245 0.82 0.098247
0.0816327 0.82 0.153304
0.102041 0.82 0.242937
0.122449 0.82 0.377483
0.142857 0.82 0.567168
0.163265 0.82 0.822398
0.183673 0.82 1.15376
0.204082 0.82 1.57194
0.22449 0.82 2.0877
0.244898 0.82 2.71182
0.265306 0.82 3.45511
0.285714 0.82 4.32835
0.306122 0.82 5.34237
0.326531 0.82 6.50797
0.346939 0.82 7.83598
0.367347 0.82 9.33723
0.387755 0.82 11.0226
0.408163 0.82 12.9029
0.428571 0.82 14.9891
0.44898 0.82 17.2922
0.469388 0.82 19.8234
0.489796 0.82 22.5939
0.510204 0.82 25.6151
0.530612 0.82 28.8988
0.55102 0.82 32.4568
0.571429 0.82 36.3015
0.591837 0.82 40.4454
0.612245 0.82 44.9017
0.632653 0.82 49.6836
0.653061 0.82 54.805
0.673469 0.82 60.2804
0.693878 0.82 66.1244
0.714286 0.82 72.3525
0.734694 0.82 78.9805
0.755102 0.82 86.0252
0.77551 0.82 93.5036
0.795918 0.82 101.434
0.816327 0.82 109.835
0.836735 0.82 118.726
0.857143 0.82 128.127
0.877551 0.82 138.061
0.897959 0.82 148.547
0.918367 0.82 159.609
0.938776 0.82 171.267
0.959184 0.82 183.537
0.979592 0.82 196.435
1 0.82 209.999
1.02041 0.82 224.371
0.0322581 0.83 0.0558203
0.0645161 0.83 0.0828902
0.0967742 0.83 0.165433
0.129032 0.83 0.338545
0.16129 0.83 0.643129
0.193548 0.83 1.12039
0.225806 0.83 1.81248
0.258065 0.83 2.76198
0.290323 0.83 4.0116
0.322581 0.83 5.60411
0.354839 0.83 7.5823
0.387097 0.83 9.98905
0.419355 0.83 12.8673
0.451613 0.83 16.2604
0.483871 0.83 20.2119
0.516129 0.83 24.7666
0.548387 0.83 29.9701
0.580645 0.83 35.8699
0.612903 0.83 42.5155
0.645161 0.83 49.9588
0.677419 0.83 58.2544
0.709677 0.83 67.4599
0.741935 0.83 77.6361
0.774194 0.83 88.8476
0.806452 0.83 101.163
0.83871 0.83 114.657
0.870968 0.83 129.407
0.903226 0.83 145.496
0.935484 0.83 163.007
0.967742 0.83 182.025
1 0.83 202.688
1.03226 0.83 225.362
0.0204082 0.84 0.055886
0.0408163 0.84 0.0671223
0.0612245 0.84 0.0986913
0.0816327 0.84 0.1542
0.102041 0.84 0.244499
0.122449 0.84 0.38004
0.142857 0.84 0.571143
0.163265 0.84 0.828303
0.183673 0.84 1.16219
0.204082 0.84 1.58358
0.22449 0.84 2.10331
0.244898 0.84 2.73225
0.265306 0.84 3.48128
0.285714 0.84 4.3613
0.306122 0.84 5.38318
0.326531 0.84 6.55784
0.346939 0.84 7.89618
0.367347 0.84 9.40913
0.387755 0.84 11.1076
0.408163 0.84 13.0026
0.428571 0.84 15.1053
0.44898 0.84 17.4266
0.469388 0.84 19.9778
0.489796 0.84 22.7704
0.510204 0.84 25.816
0.530612 0.84 29.1265
0.55102 0.84 32.7139
0.571429 0.84 36.5907
0.591837 0.84 40.7698
0.612245 0.84 45.2644
0.632653 0.84 50.0882
0.653061 0.84 55.2554
0.673469 0.84 60.7804
0.693878 0.84 66.6785
0.714286 0.84 72.9655
0.734694 0.84 79.6576
0.755102 0.84 86.7718
0.77551 0.84 94.326
0.795918 0.84 102.338
0.816327 0.84 110.829
0.836735 0.84 119.816
0.857143 0.84 129.322
0.877551 0.84 139.368
0.897959 0.84 149.976
0.918367 0.84 161.167
0.938776 0.84 172.967
0.959184 0.84 185.395
0.979592 0.84 198.462
1 0.84 212.146
1.02041 0.84 226.36
0.0204082 0.85 0.055952
0.0408163 0.85 0.0671889
0.0612245 0.85 0.0988341
0.0816327 0.85 0.154465
0.102041 0.85 0.244955
0.122449 0.85 0.380781
0.142857 0.85 0.572294
0.163265 0.85 0.830009
0.183673 0.85 1.16462
0.204082 0.85 1.58693
0.22449 0.85 2.10781
0.244898 0.85 2.73814
0.265306 0.85 3.48884
0.285714 0.85 4.3708
0.306122 0.85 5.39495
0.326531 0.85 6.57223
0.346939 0.85 7.91355
0.367347 0.85 9.42986
0.387755 0.85 11.1322
0.408163 0.85 13.0314
0.428571 0.85 15.1388
0.44898 0.85 17.4653
0.469388 0.85 20.0224
0.489796 0.85 22.8214
0.510204 0.85 25.874
0.530612 0.85 29.1922
0.55102 0.85 32.7881
0.571429 0.85 36.6742
0.591837 0.85 40.8635
0.612245 0.85 45.3692
0.632653 0.85 50.2052
0.653061 0.85 55.3855
0.673469 0.85 60.925
0.693878 0.85 66.8388
0.714286 0.85 73.1428
0.734694 0.85 79.8535
0.755102 0.85 86.988
0.77551 0.85 94.5641
0.795918 0.85 102.6
0.816327 0.85 111.116
0.836735 0.85 120.132
0.857143 0.85 129.668
0.877551 0.85 139.747
0.897959 0.85 150.389
0.918367 0.85 161.617
0.938776 0.85 173.451
0.959184 0.85 185.908
0.979592 0.85 199.003
1 0.85 212.774
1.02041 0.85 227.366
0.0322581 0.86 0.0560182
0.0645161 0.86 0.08332
0.0967742 0.86 0.166713
0.129032 0.86 0.341475
0.16129 0.86 0.648999
0.193548 0.86 1.13095
0.225806 0.86 1.82989
0.258065 0.86 2.78884
0.290323 0.86 4.05094
0.322581 0.86 5.65939
0.354839 0.86 7.65744
0.387097 0.86 10.0884
0.419355 0.86 12.9957
0.451613 0.86 16.4232
0.483871 0.86 20.4152
0.516129 0.86 25.017
0.548387 0.86 30.2754
0.580645 0.86 36.2386
0.612903 0.86 42.9573
0.645161 0.86 50.4847
0.677419 0.86 58.8766
0.709677 0.86 68.1923
0.741935 0.86 78.4944
0.774194 0.86 89.8498
0.806452 0.86 102.33
0.83871 0.86 116.01
0.870968 0.86 130.971
0.903226 0.86 147.296
0.935484 0.86 165.071
0.967742 0.86 184.379
1 0.86 205.358
1.03226 0.86 228.379
0.0204082 0.87 0.0560847
0.0408163 0.87 0.0673784
0.0612245 0.87 0.0992972
0.0816327 0.87 0.155373
0.102041 0.87 0.24654
0.122449 0.87 0.383378
0.142857 0.87 0.576332
0.163265 0.87 0.83601
0.183673 0.87 1.17319
0.204082 0.87 1.59877
0.22449 0.87 2.12368
0.244898 0.87 2.75891
0.265306 0.87 3.51545
0.285714 0.87 4.40429
0.306122 0.87 5.43645
0.326531 0.87 6.62293
0.346939 0.87 7.97476
0.367347 0.87 9.50298
0.387755 0.87 11.2187
0.408163 0.87 13.1329
0.428571 0.87 15.2569
0.44898 0.87 17.602
0.469388 0.87 20.1795
0.489796 0.87 23.0012
0.510204 0.87 26.0787
0.530612 0.87 29.4242
0.55102 0.87 33.0501
0.571429 0.87 36.9692
0.591837 0.87 41.1945
0.612245 0.87 45.7396
0.632653 0.87 50.6185
0.653061 0.87 55.8458
0.673469 0.87 61.4364
0.693878 0.87 67.406
0.714286 0.87 73.7707
0.734694 0.87 80.5475
0.755102 0.87 87.7539
0.77551 0.87 95.4082
0.795918 0.87 103.529
0.816327 0.87 112.137
0.836735 0.87 121.253
0.857143 0.87 130.896
0.877551 0.87 141.09
0.897959 0.87 151.855
0.918367 0.87 163.216
0.938776 0.87 175.195
0.959184 0.87 187.812
0.979592 0.87 201.079
1 0.87 214.971
1.02041 0.87 229.4
0.0204082 0.88 0.0561515
0.0408163 0.88 0.0674191
0.0612245 0.88 0.0994427
0.0816327 0.88 0.155641
0.102041 0.88 0.247002
0.122449 0.88 0.384131
0.142857 0.88 0.577501
0.163265 0.88 0.837745
0.183673 0.88 1.17567
0.204082 0.88 1.60218
0.22449 0.88 2.12826
0.244898 0.88 2.7649
0.265306 0.88 3.52313
0.285714 0.88 4.41396
0.306122 0.88 5.44842
0.326531 0.88 6.63756
0.346939 0.88 7.99242
0.367347 0.88 9.52407
0.387755 0.88 11.2436
0.408163 0.88 13.1622
0.428571 0.88 15.291
0.44898 0.88 17.6414
0.469388 0.88 20.2249
0.489796 0.88 23.053
0.510204 0.88 26.1378
0.530612 0.88 29.4912
0.55102 0.88 33.1258
0.571429 0.88 37.0544
0.591837 0.88 41.2901
0.612245 0.88 45.8466
0.632653 0.88 50.738
0.653061 0.88 55.9789
0.673469 0.88 61.5843
0.693878 0.88 67.5701
0.714286 0.88 73.9524
0.734694 0.88 80.7484
0.755102 0.88 87.9757
0.77551 0.88 95.6527
0.795918 0.88 103.799
0.816327 0.88 112.433
0.836735 0.88 121.577
0.857143 0.88 131.252
0.877551 0.88 141.478
0.897959 0.88 152.279
0.918367 0.88 163.677
0.938776 0.88 175.691
0.959184 0.88 188.338
0.979592 0.88 201.633
1 0.88 215.614
1.02041 0.88 230.428
0.03125 0.89 0.0562185
0.0625 0.89 0.0819545
0.09375 0.89 0.160487
0.125 0.89 0.322858
0.15625 0.89 0.60739
0.1875 0.89 1.05227
0.21875 0.89 1.69653
0.25 0.89 2.57962
0.28125 0.89 3.74115
0.3125 0.89 5.22078
0.34375 0.89 7.05822
0.375 0.89 9.29324
0.40625 0.89 11.9658
0.4375 0.89 15.1159
0.46875 0.89 18.7844
0.5 0.89 23.0127
0.53125 0.89 27.8433
0.5625 0.89 33.3203
0.59375 0.89 39.4896
0.625 0.89 46.3994
0.65625 0.89 54.1001
0.6875 0.89 62.6452
0.71875 0.89 72.0913
0.75 0.89 82.4984
0.78125 0.89 93.9302
0.8125 0.89 106.455
0.84375 0.89 120.144
0.875 0.89 135.072
0.90625 0.89 151.318
0.9375 0.89 168.958
0.96875 0.89 188.069
1 0.89 208.786
1.03125 0.89 231.464
0.0204082 0.9 0.0562858
0.0408163 0.9 0.0671929
0.0612245 0.9 0.0998202
0.0816327 0.9 0.156521
0.102041 0.9 0.248542
0.122449 0.9 0.386653
0.142857 0.9 0.581425
0.163265 0.9 0.843576
0.183673 0.9 1.18399
0.204082 0.9 1.61368
0.22449 0.9 2.14368
0.244898 0.9 2.78508
0.265306 0.9 3.54899
0.285714 0.9 4.44651
0.306122 0.9 5.48875
0.326531 0.9 6.68685
0.346939 0.9 8.05192
0.367347 0.9 9.59515
0.387755 0.9 11.3277
0.408163 0.9 13.2609
0.428571 0.9 15.4059
0.44898 0.9 17.7744
0.469388 0.9 20.3778
0.489796 0.9 23.228
0.510204 0.9 26.3371
0.530612 0.9 29.7173
0.55102 0.9 33.3812
0.571429 0.9 37.342
0.591837 0.9 41.613
0.612245 0.9 46.2082
0.632653 0.9 51.1418
0.653061 0.9 56.4288
0.673469 0.9 62.0845
0.693878 0.9 68.1252
0.714286 0.9 74.5674
0.734694 0.9 81.4285
0.755102 0.9 88.7267
0.77551 0.9 96.4807
0.795918 0.9 104.71
0.816327 0.9 113.435
0.836735 0.9 122.677
0.857143 0.9 132.456
0.877551 0.9 142.795
0.897959 0.9 153.717
0.918367 0.9 165.244
0.938776 0.9 177.401
0.959184 0.9 190.21
0.979592 0.9 203.686
1 0.9 217.813
1.02041 0.9 232.508
0.0204082 0.91 0.0563534
0.0408163 0.91 0.067236
0.0612245 0.91 0.0999652
0.0816327 0.91 0.156792
0.102041 0.91 0.249011
0.122449 0.91 0.387418
0.142857 0.91 0.582612
0.163265 0.91 0.845338
0.183673 0.91 1.18651
0.204082 0.91 1.61715
0.22449 0.91 2.14833
0.244898 0.91 2.79117
0.265306 0.91 3.5568
0.285714 0.91 4.45633
0.306122 0.91 5.50092
0.326531 0.91 6.70171
0.346939 0.91 8.06987
0.367347 0.91 9.61658
0.387755 0.91 11.3531
0.408163 0.91 13.2906
0.428571 0.91 15.4406
0.44898 0.91 17.8145
0.469388 0.91 20.424
0.489796 0.91 23.2809
0.510204 0.91 26.3972
0.530612 0.91 29.7855
0.55102 0.91 33.4584
0.571429 0.91 37.4289
0.591837 0.91 41.7106
0.612245 0.91 46.3174
0.632653 0.91 51.2638
0.653061 0.91 56.5648
0.673469 0.91 62.2358
0.693878 0.91 68.2931
0.714286 0.91 74.7534
0.734694 0.91 81.6344
0.755102 0.91 88.9541
0.77551 0.91 96.7315
0.795918 0.91 104.986
0.816327 0.91 113.739
0.836735 0.91 123.01
0.857143 0.91 132.821
0.877551 0.91 143.194
0.897959 0.91 154.152
0.918367 0.91 165.718
0.938776 0.91 177.912
0.959184 0.91 190.756
0.979592 0.91 204.266
1 0.91 218.486
1.02041 0.91 233.56
0.0322581 0.92 0.0564212
0.0645161 0.92 0.0840381
0.0967742 0.92 0.169281
0.129032 0.92 0.34737
0.16129 0.92 0.660821
0.193548 0.92 1.1522
0.225806 0.92 1.86496
0.258065 0.92 2.84296
0.290323 0.92 4.13021
0.322581 0.92 5.7708
0.354839 0.92 7.80886
0.387097 0.92 10.2886
0.419355 0.92 13.2546
0.451613 0.92 16.7517
0.483871 0.92 20.8256
0.516129 0.92 25.5232
0.548387 0.92 30.893
0.580645 0.92 36.9853
0.612903 0.92 43.8532
0.645161 0.92 51.5523
0.677419 0.92 60.1416
0.709677 0.92 69.6837
0.741935 0.92 80.2453
0.774194 0.92 91.8972
0.806452 0.92 104.715
0.83871 0.92 118.778
0.870968 0.92 134.17
0.903226 0.92 150.978
0.935484 0.92 169.288
0.967742 0.92 189.195
1 0.92 210.846
1.03226 0.92 234.62
0.0454545 0.93 0.0564893
0.0909091 0.93 0.110928
0.136364 0.93 0.307621
0.181818 0.93 0.759245
0.227273 0.93 1.58589
0.272727 0.93 2.91032
0.318182 0.93 4.8563
0.363636 0.93 7.54789
0.409091 0.93 11.1096
0.454545 0.93 15.6667
0.5 0.93 21.3472
0.545455 0.93 28.283
0.590909 0.93 36.613
0.636364 0.93 46.4851
0.681818 0.93 58.0586
0.727273 0.93 71.5066
0.772727 0.93 87.0177
0.818182 0.93 104.798
0.863636 0.93 125.07
0.909091 0.93 148.074
0.954545 0.93 174.064
1 0.93 203.293
1.04545 0.93 235.688
0.0204082 0.94 0.0565577
0.0408163 0.94 0.0691556
0.0612245 0.94 0.100736
0.0816327 0.94 0.158
0.102041 0.94 0.251219
0.122449 0.94 0.39106
0.142857 0.94 0.588276
0.163265 0.94 0.853755
0.183673 0.94 1.19853
0.204082 0.94 1.63374
0.22449 0.94 2.17059
0.244898 0.94 2.82031
0.265306 0.94 3.59414
0.285714 0.94 4.50333
0.306122 0.94 5.55915
0.326531 0.94 6.77288
0.346939 0.94 8.1558
0.367347 0.94 9.71924
0.387755 0.94 11.4746
0.408163 0.94 13.4332
0.428571 0.94 15.6067
0.44898 0.94 18.0067
0.469388 0.94 20.6452
0.489796 0.94 23.5341
0.510204 0.94 26.6857
0.530612 0.94 30.1129
0.55102 0.94 33.8285
0.571429 0.94 37.8459
0.591837 0.94 42.1791
0.612245 0.94 46.8423
0.632653 0.94 51.8504
0.653061 0.94 57.2187
0.673469 0.94 62.9635
0.693878 0.94 69.1012
0.714286 0.94 75.6493
0.734694 0.94 82.6258
0.755102 0.94 90.0495
0.77551 0.94 97.9399
0.795918 0.94 106.317
0.816327 0.94 115.202
0.836735 0.94 124.616
0.857143 0.94 134.581
0.877551 0.94 145.121
0.897959 0.94 156.257
0.918367 0.94 168.013
0.938776 0.94 180.41
0.959184 0.94 193.462
0.979592 0.94 207.181
1 0.94 221.588
1.02041 0.94 236.764
0.0232558 0.95 0.0566264
0.0465116 0.95 0.0722311
0.0697674 0.95 0.113904
0.0930233 0.95 0.192384
0.116279 0.95 0.323466
0.139535 0.95 0.523021
0.162791 0.95 0.807119
0.186047 0.95 1.19208
0.209302 0.95 1.6944
0.232558 0.95 2.33071
0.255814 0.95 3.11766
0.27907 0.95 4.07193
0.302326 0.95 5.21022
0.325581 0.95 6.54925
0.348837 0.95 8.10575
0.372093 0.95 9.89652
0.395349 0.95 11.9384
0.418605 0.95 14.2485
0.44186 0.95 16.8438
0.465116 0.95 19.742
0.488372 0.95 22.9607
0.511628 0.95 26.5182
0.534884 0.95 30.4332
0.55814 0.95 34.7251
0.581395 0.95 39.4138
0.604651 0.95 44.5203
0.627907 0.95 50.0661
0.651163 0.95 56.0739
0.674419 0.95 62.5672
0.697674 0.95 69.5706
0.72093 0.95 77.1101
0.744186 0.95 85.2126
0.767442 0.95 93.9063
0.790698 0.95 103.221
0.813953 0.95 113.186
0.837209 0.95 123.835
0.860465 0.95 135.198
0.883721 0.95 147.311
0.906977 0.95 160.206
0.930233 0.95 173.913
0.953488 0.95 188.464
0.976744 0.95 203.895
1 0.95 220.291
1.02326 0.95 237.848
0.0454545 0.96 0.0566953
0.0909091 0.96 0.111556
0.136364 0.96 0.309739
0.181818 0.96 0.76488
0.227273 0.96 1.59809
0.272727 0.96 2.93311
0.318182 0.96 4.89474
0.363636 0.96 7.60806
0.409091 0.96 11.1986
0.454545 0.96 15.7931
0.5 0.96 21.5207
0.545455 0.96 28.5155
0.590909 0.96 36.9186
0.636364 0.96 46.8806
0.681818 0.96 58.5643
0.727273 0.96 72.1464
0.772727 0.96 87.8201
0.818182 0.96 105.796
0.863636 0.96 126.301
0.909091 0.96 149.577
0.954545 0.96 175.87
1 0.96 205.484
1.04545 0.96 238.941
0.0588235 0.97 0.0567645
0.117647 0.97 0.150442
0.176471 0.97 0.540038
0.235294 0.97 1.48039
0.294118 0.97 3.23908
0.352941 0.97 6.08723
0.411765 0.97 10.297
0.470588 0.97 16.1429
0.529412 0.97 23.906
0.588235 0.97 33.8813
0.647059 0.97 46.3868
0.705882 0.97 61.7722
0.764706 0.97 80.4273
0.823529 0.97 102.788
0.882353 0.97 129.339
0.941176 0.97 160.602
1 0.97 197.184
1.05882 0.97 240.042
0.0204082 0.98 0.056834
0.0408163 0.98 0.0676483
0.0612245 0.98 0.100656
0.0816327 0.98 0.159525
0.102041 0.98 0.254097
0.122449 0.98 0.395554
0.142857 0.98 0.595111
0.163265 0.98 0.863891
0.183673 0.98 1.21304
0.204082 0.98 1.6538
0.22449 0.98 2.19751
0.244898 0.98 2.85553
0.265306 0.98 3.63927
0.285714 0.98 4.56014
0.306122 0.98 5.62954
0.326531 0.98 6.85891
0.346939 0.98 8.25968
0.367347 0.98 9.84335
0.387755 0.98 11.6215
0.408163 0.98 13.6056
0.428571 0.98 15.8077
0.44898 0.98 18.2394
0.469388 0.98 20.913
0.489796 0.98 23.8408
0.510204 0.98 27.0354
0.530612 0.98 30.5099
0.55102 0.98 34.2775
0.571429 0.98 38.3522
0.591837 0.98 42.7482
0.612245 0.98 47.4803
0.632653 0.98 52.5639
0.653061 0.98 58.015
0.673469 0.98 63.8501
0.693878 0.98 70.0866
0.714286 0.98 76.7424
0.734694 0.98 83.8363
0.755102 0.98 91.3876
0.77551 0.98 99.4165
0.795918 0.98 107.944
0.816327 0.98 116.991
0.836735 0.98 126.579
0.857143 0.98 136.732
0.877551 0.98 147.474
0.897959 0.98 158.83
0.918367 0.98 170.828
0.938776 0.98 183.497
0.959184 0.98 196.865
0.979592 0.98 210.948
1 0.98 225.731
1.02041 0.98 241.151
0.0204082 0.99 0.0569038
0.0408163 0.99 0.0676662
0.0612245 0.99 0.100812
0.0816327 0.99 0.159801
0.102041 0.99 0.25458
0.122449 0.99 0.39635
0.142857 0.99 0.59635
0.163265 0.99 0.865729
0.183673 0.99 1.21566
0.204082 0.99 1.65742
0.22449 0.99 2.20236
0.244898 0.99 2.86188
0.265306 0.99 3.64741
0.285714 0.99 4.57039
0.306122 0.99 5.64224
0.326531 0.99 6.87442
0.346939 0.99 8.27842
0.367347 0.99 9.86574
0.387755 0.99 11.648
0.408163 0.99 13.6368
0.428571 0.99 15.8439
0.44898 0.99 18.2814
0.469388 0.99 20.9614
0.489796 0.99 23.8962
0.510204 0.99 27.0986
0.530612 0.99 30.5816
0.55102 0.99 34.3587
0.571429 0.99 38.4438
0.591837 0.99 42.8512
0.612245 0.99 47.5959
0.632653 0.99 52.6932
0.653061 0.99 58.1593
0.673469 0.99 64.0108
0.693878 0.99 70.2653
0.714286 0.99 76.9407
0.734694 0.99 84.056
0.755102 0.99 91.6305
0.77551 0.99 99.6846
0.795918 0.99 108.239
0.816327 0.99 117.316
0.836735 0.99 126.936
0.857143 0.99 137.124
0.877551 0.99 147.904
0.897959 0.99 159.302
0.918367 0.99 171.344
0.938776 0.99 184.057
0.959184 0.99 197.465
0.979592 0.99 211.589
1 0.99 226.475
1.02041 0.99 242.269
