0.00190336     0.00190336     0     0
0.091394     0.0914607     6.66363e-007     0.00072911
0.669704     0.670299     5.95415e-006     0.000889072
2.22255     2.22456     2.00849e-005     0.000903686
5.23713     5.24188     4.75471e-005     0.000907885
10.2006     10.2099     9.27948e-005     0.000909696
17.6003     17.6164     0.000160277     0.000910649
27.9234     27.9489     0.000254443     0.000911215
41.6572     41.6952     0.000379738     0.000911579
59.3429     59.3429     0     0

0.00190546     0.00190546     0     0
0.0914891     0.0916228     1.33628e-006     0.00146059
0.670321     0.671514     1.19356e-005     0.00178059
2.22459     2.22861     4.02616e-005     0.00180985
5.24191     5.25144     9.53114e-005     0.00181826
10.2099     10.2285     0.000186013     0.00182188
17.6164     17.6485     0.000321287     0.00182379
27.9489     27.9999     0.000510047     0.00182493
41.6957     41.7713     0.000755948     0.00181301
59.4512     59.4512     0     0

0.00190757     0.00190757     0     0
0.0915843     0.0917853     2.00978e-006     0.00219446
0.670938     0.672733     1.79446e-005     0.00267455
2.22662     2.23267     6.05306e-005     0.00271849
5.24669     5.26102     0.000143294     0.00273113
10.2193     10.2472     0.000279658     0.00273657
17.6325     17.6808     0.000483031     0.00273944
27.9744     28.0511     0.00076678     0.002741
41.7348     41.8476     0.00112871     0.00270448
59.5599     59.5599     0     0

0.00190969     0.00190969     0     0
0.0916797     0.0919484     2.68687e-006     0.00293071
0.671557     0.673955     2.39811e-005     0.00357098
2.22866     2.23675     8.08922e-005     0.00362964
5.25149     5.27064     0.000191496     0.0036465
10.2286     10.266     0.00037373     0.00365378
17.6486     17.7131     0.000645515     0.00365761
27.9999     28.1024     0.00102461     0.00365932
41.7744     41.9242     0.00149809     0.00358614
59.6689     59.6689     0     0

0.0019118     0.0019118     0     0
0.0917751     0.0921119     3.36757e-006     0.00366937
0.672176     0.67518     3.00454e-005     0.00446988
2.2307     2.24083     0.000101347     0.00454329
5.25629     5.28028     0.000239918     0.0045644
10.2379     10.2848     0.000468233     0.0045735
17.6647     17.7456     0.000808741     0.00457829
28.0255     28.1539     0.0012835     0.00457975
41.8146     42.0011     0.00186417     0.00445818
59.7783     59.7783     0     0

0.00191392     0.00191392     0     0
0.0918707     0.0922759     4.0519e-006     0.00441043
0.672796     0.67641     3.61376e-005     0.00537126
2.23274     2.24493     0.000121896     0.00545945
5.2611     5.28995     0.000288562     0.00548482
10.2473     10.3036     0.000563167     0.00549576
17.6808     17.7781     0.000972712     0.00550151
28.0512     28.2055     0.00154343     0.00550218
41.8554     42.0781     0.00222703     0.00532076
59.888     59.888     0     0

0.00191604     0.00191604     0     0
0.0919664     0.0924404     4.73987e-006     0.00515392
0.673417     0.677643     4.22578e-005     0.00627513
2.23479     2.24904     0.000142538     0.00637815
5.26591     5.29965     0.000337428     0.00640778
10.2567     10.3225     0.000658537     0.00642056
17.697     17.8107     0.00113743     0.00642725
28.0769     28.2573     0.00180436     0.00642649
41.8967     42.1554     0.00258672     0.00617404
59.998     59.998     0     0

0.00191817     0.00191817     0     0
0.0920623     0.0926054     5.43151e-006     0.00589982
0.67404     0.67888     4.84062e-005     0.00718151
2.23684     2.25317     0.000163275     0.00729938
5.27073     5.30939     0.000386518     0.00733329
10.2661     10.3415     0.000754342     0.00734792
17.7132     17.8435     0.0013029     0.00735554
28.1027     28.3093     0.00206627     0.00735256
41.9386     42.2329     0.00294333     0.00701818
60.1083     60.1083     0     0

0.00192029     0.00192029     0     0
0.0921582     0.0927709     6.12683e-006     0.00664817
0.674663     0.680121     5.45829e-005     0.00809039
2.23889     2.2573     0.000184107     0.00822315
5.27557     5.31915     0.000435833     0.00826136
10.2755     10.3605     0.000850587     0.00827784
17.7294     17.8763     0.00146912     0.00828637
28.1285     28.3614     0.00232912     0.00828029
41.981     42.3107     0.00329691     0.00785334
60.219     60.219     0     0

0.00192242     0.00192242     0     0
0.0922543     0.0929369     6.82586e-006     0.00739896
0.675287     0.681365     6.0788e-005     0.0090018
2.24095     2.26145     0.000205035     0.00914949
5.2804     5.32894     0.000485374     0.00919199
10.2849     10.3796     0.000947272     0.00921033
17.7457     17.9093     0.0016361     0.00921974
28.1544     28.4137     0.0025929     0.00920957
42.024     42.3887     0.00364754     0.00867967
60.3301     60.3301     0     0

0.00192455     0.00192455     0     0
0.0923505     0.0931033     7.5286e-006     0.0081522
0.675912     0.682614     6.70217e-005     0.00991575
2.24301     2.26561     0.000226059     0.0100784
5.28525     5.33876     0.000535142     0.0101252
10.2943     10.3988     0.0010444     0.0101454
17.7619     17.9423     0.00180384     0.0101557
28.1804     28.4661     0.00285757     0.0101403
42.0674     42.467     0.00399528     0.00949732
60.4414     60.4414     0     0

0.00192669     0.00192669     0     0
0.0924468     0.0932703     8.23507e-006     0.00890791
0.676538     0.683866     7.32841e-005     0.0108322
2.24507     2.26979     0.000247179     0.0110099
5.2901     5.34861     0.000585139     0.011061
10.3038     10.418     0.00114197     0.0110831
17.7782     17.9755     0.00197234     0.0110941
28.2064     28.5188     0.00312312     0.0110724
42.1114     42.5454     0.00434019     0.0103064
60.5532     60.5532     0     0

0.00192882     0.00192882     0     0
0.0925432     0.0934378     8.94531e-006     0.00966608
0.677164     0.685122     7.95754e-005     0.0117513
2.24713     2.27397     0.000268396     0.0119439
5.29496     5.3585     0.000635364     0.0119994
10.3132     10.4372     0.00124     0.0120233
17.7946     18.0087     0.0021416     0.0120351
28.2326     28.5715     0.00338951     0.0120057
42.1559     42.6242     0.00468233     0.0111072
60.6652     60.6652     0     0

0.00193096     0.00193096     0     0
0.0926398     0.0936057     9.65932e-006     0.0104267
0.677792     0.686382     8.58957e-005     0.0126729
2.2492     2.27817     0.000289711     0.0128806
5.29983     5.36841     0.000685821     0.0129404
10.3227     10.4566     0.00133847     0.0129662
17.8109     18.0421     0.00231163     0.0129787
28.2588     28.6244     0.00365672     0.0129401
42.201     42.7031     0.00502177     0.0118997
60.7776     60.7776     0     0

0.0019331     0.0019331     0     0
0.0927365     0.0937742     1.03771e-005     0.0111899
0.678421     0.687646     9.22452e-005     0.013597
2.25128     2.28239     0.000311124     0.0138199
5.3047     5.37835     0.000736509     0.0138841
10.3322     10.4759     0.00143739     0.0139118
17.8273     18.0755     0.00248242     0.0139248
28.2851     28.6775     0.00392473     0.0138756
42.2465     42.7824     0.00535856     0.012684
60.8904     60.8904     0     0

0.00193524     0.00193524     0     0
0.0928333     0.0939432     1.10987e-005     0.0119555
0.679051     0.688913     9.8624e-005     0.0145238
2.25335     2.28661     0.000332635     0.0147618
5.30958     5.38833     0.000787429     0.0148303
10.3417     10.4954     0.00153677     0.0148599
17.8437     18.1091     0.00265398     0.0148735
28.3114     28.7308     0.00419353     0.0148121
42.2925     42.8618     0.00569276     0.0134604
61.0035     61.0035     0     0

0.00193739     0.00193739     0     0
0.0929303     0.0941127     1.18242e-005     0.0127237
0.679681     0.690185     0.000105032     0.0154532
2.25543     2.29085     0.000354245     0.0157063
5.31447     5.39833     0.000838584     0.0157793
10.3512     10.5149     0.0016366     0.0158107
17.8601     18.1427     0.0028263     0.0158247
28.3379     28.7842     0.00446307     0.0157495
42.3391     42.9415     0.00602443     0.014229
61.117     61.117     0     0

0.00193954     0.00193954     0     0
0.0930273     0.0942827     1.25535e-005     0.0134944
0.680313     0.69146     0.00011147     0.0163851
2.25751     2.29511     0.000375954     0.0166535
5.31937     5.40837     0.000889975     0.0167308
10.3608     10.5344     0.00173689     0.0167641
17.8766     18.1765     0.0029994     0.0167784
28.3645     28.8378     0.00473336     0.0166876
42.3861     43.0215     0.00635363     0.0149899
61.2308     61.2308     0     0

0.00194169     0.00194169     0     0
0.0931245     0.0944532     1.32866e-005     0.0142676
0.680946     0.692739     0.000117938     0.0173197
2.25959     2.29937     0.000397763     0.0176033
5.32428     5.41844     0.000941601     0.0176851
10.3703     10.5541     0.00183764     0.0177203
17.8931     18.2104     0.00317327     0.0177346
28.3911     28.8916     0.00500436     0.0176265
42.4336     43.1017     0.0066804     0.0157432
61.3449     61.3449     0     0

0.00194385     0.00194385     0     0
0.0932218     0.0946242     1.40237e-005     0.0150433
0.681579     0.694023     0.000124435     0.0182569
2.26168     2.30365     0.000419673     0.0185558
5.32919     5.42853     0.000993465     0.018642
10.3799     10.5737     0.00193886     0.0186791
17.9096     18.2444     0.00334791     0.0186934
28.4179     28.9455     0.00527607     0.018566
42.4817     43.1821     0.0070048     0.016489
61.4595     61.4595     0     0

0.001946     0.001946     0     0
0.0933193     0.0947957     1.47646e-005     0.0158216
0.682214     0.69531     0.000130963     0.0191968
2.26377     2.30794     0.000441684     0.019511
5.33411     5.43866     0.00104557     0.0196016
10.3894     10.5935     0.00204054     0.0196405
17.9261     18.2785     0.00352333     0.0196547
28.4447     28.9996     0.00554845     0.0195061
42.5302     43.2628     0.00732688     0.0172275
61.5743     61.5743     0     0

0.00194816     0.00194816     0     0
0.0934168     0.0949678     1.55095e-005     0.0166025
0.682849     0.696601     0.000137521     0.0201393
2.26587     2.31225     0.000463796     0.0204688
5.33903     5.44883     0.00109791     0.0205639
10.399     10.6133     0.00214269     0.0206047
17.9427     18.3126     0.00369953     0.0206186
28.4717     29.0538     0.00582149     0.0204466
42.5791     43.3438     0.0076467     0.0179588
61.6896     61.6896     0     0

0.00195032     0.00195032     0     0
0.0935145     0.0951404     1.62584e-005     0.0173859
0.683485     0.697896     0.000144109     0.0210844
2.26796     2.31656     0.00048601     0.0214294
5.34397     5.45902     0.0011505     0.0215289
10.4086     10.6332     0.00224531     0.0215716
17.9593     18.3469     0.00387649     0.0215849
28.4987     29.1082     0.00609518     0.0213875
42.6286     43.425     0.0079643     0.018683
61.8052     61.8052     0     0

0.00195249     0.00195249     0     0
0.0936124     0.0953135     1.70112e-005     0.0181719
0.684123     0.699196     0.000150728     0.0220322
2.27006     2.3209     0.000508327     0.0223926
5.34891     5.46924     0.00120332     0.0224966
10.4183     10.6531     0.0023484     0.0225412
17.9759     18.3813     0.00405424     0.0225537
28.5259     29.1628     0.00636949     0.0223288
42.6785     43.5065     0.00827973     0.0194002
61.9211     61.9211     0     0

0.00195465     0.00195465     0     0
0.0937103     0.0954871     1.77679e-005     0.0189605
0.684761     0.700499     0.000157377     0.0229827
2.27217     2.32524     0.000530746     0.0233586
5.35386     5.4795     0.00125639     0.023467
10.4279     10.6731     0.00245197     0.0235135
17.9926     18.4159     0.00423277     0.0235251
28.5532     29.2176     0.00664442     0.0232704
42.7289     43.5882     0.00859304     0.0201106
62.0374     62.0374     0     0

0.00195682     0.00195682     0     0
0.0938084     0.0956613     1.85287e-005     0.0197517
0.685401     0.701806     0.000164057     0.0239359
2.27427     2.3296     0.00055327     0.0243273
5.35882     5.48979     0.00130971     0.0244402
10.4376     10.6932     0.00255601     0.0244886
18.0093     18.4505     0.00441207     0.0244989
28.5806     29.2725     0.00691995     0.0242121
42.7797     43.6702     0.00890428     0.0208143
62.1541     62.1541     0     0

0.001959     0.001959     0     0
0.0939066     0.0958359     1.92935e-005     0.0205455
0.686041     0.703118     0.000170768     0.0248918
2.27639     2.33397     0.000575897     0.0252987
5.36378     5.50011     0.00136327     0.0254162
10.4472     10.7133     0.00266053     0.0254664
18.026     18.4852     0.00459215     0.0254752
28.6081     29.3277     0.00719606     0.025154
42.831     43.7524     0.00921349     0.0215112
62.2712     62.2712     0     0

0.00196117     0.00196117     0     0
0.0940049     0.0960112     2.00624e-005     0.0213419
0.686682     0.704433     0.000177511     0.0258505
2.2785     2.33836     0.000598629     0.026273
5.36876     5.51046     0.00141708     0.0263949
10.4569     10.7335     0.00276553     0.0264469
18.0427     18.52     0.00477301     0.0264539
28.6357     29.3829     0.00747273     0.0260959
42.8828     43.8349     0.00952072     0.0222017
62.3886     62.3886     0     0

0.00196335     0.00196335     0     0
0.0941034     0.0961869     2.08353e-005     0.0221409
0.687324     0.705753     0.000184284     0.0268118
2.28062     2.34276     0.000621466     0.0272499
5.37374     5.52085     0.00147114     0.0273764
10.4666     10.7537     0.00287101     0.0274303
18.0595     18.555     0.00495466     0.0274351
28.6634     29.4384     0.00774996     0.0270378
42.935     43.9176     0.009826     0.0228857
62.5064     62.5064     0     0

0.00196553     0.00196553     0     0
0.094202     0.0963632     2.16124e-005     0.0229426
0.687968     0.707077     0.000191089     0.0277759
2.28274     2.34718     0.000644408     0.0282297
5.37873     5.53127     0.00152544     0.0283607
10.4763     10.774     0.00297698     0.0284163
18.0763     18.59     0.00513708     0.0284188
28.6913     29.494     0.00802774     0.0279797
42.9877     44.0006     0.0101294     0.0235635
62.6245     62.6245     0     0

0.00196771     0.00196771     0     0
0.0943007     0.09654     2.23935e-005     0.0237469
0.688612     0.708405     0.000197926     0.0287427
2.28486     2.3516     0.000667457     0.0292122
5.38372     5.54172     0.00158     0.0293478
10.486     10.7944     0.00308344     0.0294052
18.0932     18.6252     0.00532028     0.0294049
28.7192     29.5498     0.00830604     0.0289215
43.0408     44.0839     0.0104309     0.024235
62.7431     62.7431     0     0

0.0019699     0.0019699     0     0
0.0943995     0.0967174     2.31787e-005     0.0245539
0.689257     0.709737     0.000204794     0.0297124
2.28698     2.35605     0.000690613     0.0301975
5.38872     5.55221     0.00163481     0.0303377
10.4958     10.8148     0.00319039     0.0303969
18.1101     18.6605     0.00550427     0.0303934
28.7473     29.6058     0.00858485     0.0298631
43.0944     44.1674     0.0107306     0.0249003
62.862     62.862     0     0

0.00197209     0.00197209     0     0
0.0944985     0.0968953     2.39682e-005     0.0253635
0.689903     0.711073     0.000211695     0.0306847
2.28911     2.3605     0.000713876     0.0311857
5.39374     5.56272     0.00168988     0.0313304
10.5055     10.8353     0.00329783     0.0313914
18.127     18.6959     0.00568904     0.0313844
28.7756     29.662     0.00886417     0.0308045
43.1484     44.2512     0.0110286     0.0255597
62.9812     62.9812     0     0

0.00197428     0.00197428     0     0
0.0945976     0.0970738     2.47617e-005     0.0261758
0.690551     0.712413     0.000218627     0.0316599
2.29125     2.36497     0.000737246     0.0321766
5.39875     5.57327     0.0017452     0.0323259
10.5153     10.8559     0.00340577     0.0323887
18.1439     18.7314     0.00587459     0.0323777
28.8039     29.7183     0.00914399     0.0317456
43.2028     44.3353     0.0113248     0.0262131
63.1009     63.1009     0     0

0.00197647     0.00197647     0     0
0.0946969     0.0972528     2.55595e-005     0.0269909
0.691199     0.713758     0.000225592     0.0326378
2.29338     2.36946     0.000760726     0.0331704
5.40378     5.58386     0.00180077     0.0333243
10.5251     10.8765     0.0035142     0.0333888
18.1609     18.767     0.00606092     0.0333735
28.8324     29.7748     0.00942429     0.0326864
43.2577     44.4196     0.0116193     0.0268607
63.2209     63.2209     0     0

0.00197867     0.00197867     0     0
0.0947962     0.0974324     2.63615e-005     0.0278086
0.691848     0.715107     0.00023259     0.0336186
2.29552     2.37395     0.000784314     0.0341671
5.40882     5.59448     0.00185661     0.0343256
10.5349     10.8972     0.00362313     0.0343917
18.1779     18.8027     0.00624804     0.0343716
28.861     29.8315     0.00970506     0.0336268
43.313     44.5042     0.0119122     0.0275025
63.3414     63.3414     0     0

0.00198087     0.00198087     0     0
0.0948957     0.0976125     2.71677e-005     0.028629
0.692498     0.71646     0.000239619     0.0346022
2.29767     2.37847     0.000808011     0.0351666
5.41386     5.60513     0.0019127     0.0353297
10.5447     10.918     0.00373257     0.0353975
18.195     18.8386     0.00643594     0.0353721
28.8898     29.8884     0.00998629     0.0345668
43.3688     44.5891     0.0122034     0.0281387
63.4622     63.4622     0     0

0.00198307     0.00198307     0     0
0.0949953     0.0977932     2.79782e-005     0.0294521
0.693149     0.717817     0.000246682     0.0355886
2.29981     2.38299     0.000831819     0.036169
5.41891     5.61581     0.00196906     0.0363367
10.5546     10.9388     0.0038425     0.0364061
18.2121     18.8745     0.00662462     0.0363749
28.9187     29.9455     0.010268     0.0355064
43.4249     44.6742     0.0124931     0.0287694
63.5833     63.5833     0     0

0.00198527     0.00198527     0     0
0.0950951     0.0979744     2.87929e-005     0.030278
0.693801     0.719179     0.000253778     0.0365779
2.30196     2.38754     0.000855737     0.0371743
5.42397     5.62653     0.00202567     0.0373467
10.5644     10.9597     0.00395295     0.0374176
18.2292     18.9106     0.00681409     0.0373801
28.9477     30.0027     0.0105501     0.0364454
43.4815     44.7597     0.0127812     0.0293945
63.7049     63.7049     0     0

0.00198748     0.00198748     0     0
0.095195     0.0981562     2.9612e-005     0.0311066
0.694455     0.720545     0.000260906     0.03757
2.30411     2.39209     0.000879766     0.0381824
5.42903     5.63729     0.00208255     0.0383595
10.5743     10.9807     0.0040639     0.0384319
18.2463     18.9468     0.00700433     0.0383876
28.9769     30.0601     0.0108327     0.0373839
43.5386     44.8453     0.0130678     0.0300143
63.8269     63.8269     0     0

0.00198969     0.00198969     0     0
0.095295     0.0983385     3.04353e-005     0.031938
0.695109     0.721916     0.000268068     0.038565
2.30627     2.39666     0.000903908     0.0391935
5.43411     5.64808     0.00213969     0.0393752
10.5842     11.0017     0.00417536     0.0394491
18.2635     18.9831     0.00719537     0.0393974
29.0062     30.1178     0.0111157     0.0383217
43.596     44.9313     0.0133529     0.0306287
63.9492     63.9492     0     0

0.0019919     0.0019919     0     0
0.0953952     0.0985215     3.1263e-005     0.0327721
0.695764     0.72329     0.000275264     0.0395628
2.30843     2.40125     0.000928161     0.0402075
5.43919     5.6589     0.0021971     0.0403939
10.5941     11.0228     0.00428733     0.0404692
18.2808     19.0195     0.00738718     0.0404096
29.0356     30.1755     0.0113991     0.0392589
43.6539     45.0175     0.0136366     0.0312379
64.072     64.072     0     0

0.00199412     0.00199412     0     0
0.0954954     0.098705     3.20951e-005     0.0336091
0.69642     0.724669     0.000282493     0.0405636
2.31059     2.40585     0.000952528     0.0412244
5.44428     5.66975     0.00225477     0.0414155
10.604     11.044     0.00439982     0.0414922
18.298     19.056     0.00757978     0.041424
29.0652     30.2335     0.0116829     0.0401955
43.7121     45.104     0.0139188     0.031842
64.1951     64.1951     0     0

0.00199634     0.00199634     0     0
0.0955959     0.098889     3.29316e-005     0.0344488
0.697077     0.726053     0.000289756     0.0415672
2.31276     2.41046     0.000977008     0.0422443
5.44937     5.68065     0.00231272     0.04244
10.6139     11.0652     0.00451283     0.0425181
18.3154     19.0927     0.00777316     0.0424407
29.095     30.2917     0.0119671     0.0411313
43.7708     45.1908     0.0141997     0.032441
64.3186     64.3186     0     0

0.00199856     0.00199856     0     0
0.0956964     0.0990737     3.37725e-005     0.0352913
0.697735     0.727441     0.000297053     0.0425738
2.31493     2.41509     0.0010016     0.0432671
5.45448     5.69157     0.00237093     0.0434676
10.6239     11.0865     0.00462636     0.0435469
18.3327     19.1294     0.00796733     0.0434596
29.1249     30.35     0.0122518     0.0420664
43.8299     45.2779     0.0144792     0.033035
64.4426     64.4426     0     0

0.00200078     0.00200078     0     0
0.0957971     0.0992589     3.46178e-005     0.0361366
0.698395     0.728833     0.000304384     0.0435833
2.3171     2.41973     0.00102631     0.0442929
5.45959     5.70253     0.00242941     0.0444981
10.6338     11.1079     0.00474041     0.0445786
18.3501     19.1663     0.00816227     0.0444808
29.1549     30.4086     0.0125368     0.0430006
43.8895     45.3652     0.0147575     0.0336241
64.5669     64.5669     0     0

0.00200301     0.00200301     0     0
0.0958979     0.0994447     3.54675e-005     0.0369847
0.699055     0.73023     0.000311749     0.0445958
2.31928     2.42439     0.00105113     0.0453216
5.46471     5.71353     0.00248817     0.0455316
10.6438     11.1293     0.00485498     0.0456132
18.3675     19.2033     0.00835801     0.0455042
29.1851     30.4673     0.0128222     0.0439341
43.9494     45.4528     0.0150344     0.0342084
64.6916     64.6916     0     0

0.00200524     0.00200524     0     0
0.0959989     0.099631     3.63218e-005     0.0378356
0.699716     0.731631     0.000319149     0.0456112
2.32146     2.42907     0.00107607     0.0463534
5.46984     5.72456     0.0025472     0.0465681
10.6538     11.1508     0.00497008     0.0466508
18.385     19.2405     0.00855452     0.0465299
29.2154     30.5262     0.013108     0.0448667
44.0097     45.5407     0.0153101     0.0347879
64.8167     64.8167     0     0

0.00200747     0.00200747     0     0
0.0961     0.099818     3.71805e-005     0.0386894
0.700378     0.733037     0.000326583     0.0466296
2.32364     2.43375     0.00110113     0.0473882
5.47498     5.73563     0.00260651     0.0476076
10.6638     11.1724     0.00508571     0.0476913
18.4025     19.2777     0.00875182     0.0475577
29.2459     30.5853     0.0133941     0.0457984
44.0705     45.6289     0.0155845     0.0353627
64.9423     64.9423     0     0

0.0020097     0.0020097     0     0
0.0962012     0.100006     3.80438e-005     0.0395461
0.701042     0.734447     0.000334053     0.0476509
2.32583     2.43846     0.00112631     0.048426
5.48013     5.74674     0.00266609     0.0486502
10.6738     11.194     0.00520187     0.0487348
18.4201     19.3151     0.0089499     0.0485878
29.2765     30.6446     0.0136807     0.0467291
44.1316     45.7174     0.0158577     0.0359328
65.0682     65.0682     0     0

0.00201194     0.00201194     0     0
0.0963025     0.100194     3.89116e-005     0.0404056
0.701706     0.735862     0.000341557     0.0486753
2.32802     2.44318     0.0011516     0.0494668
5.48528     5.75788     0.00272595     0.0496958
10.6839     11.2157     0.00531856     0.0497812
18.4377     19.3525     0.00914876     0.04962
29.3073     30.7041     0.0139676     0.0476589
44.1932     45.8062     0.0161298     0.0364984
65.1945     65.1945     0     0

0.00201418     0.00201418     0     0
0.096404     0.100382     3.9784e-005     0.041268
0.702371     0.737281     0.000349097     0.0497026
2.33021     2.44791     0.00117701     0.0505107
5.49044     5.76905     0.00278609     0.0507444
10.6939     11.2375     0.00543579     0.0508306
18.4553     19.3902     0.00934841     0.0506543
29.3383     30.7638     0.0142548     0.0485877
44.2551     45.8952     0.0164008     0.0370596
65.3213     65.3213     0     0

0.00201643     0.00201643     0     0
0.0965056     0.100572     4.0661e-005     0.0421332
0.703038     0.738705     0.000356672     0.050733
2.33241     2.45266     0.00120253     0.0515577
5.49561     5.78026     0.00284651     0.0517961
10.704     11.2594     0.00555356     0.0518829
18.473     19.4279     0.00954884     0.0516908
29.3694     30.8236     0.0145424     0.0495155
44.3175     45.9845     0.0166706     0.0376163
65.4485     65.4485     0     0

0.00201867     0.00201867     0     0
0.0966074     0.100762     4.15426e-005     0.0430014
0.703705     0.740133     0.000364283     0.0517664
2.33461     2.45743     0.00122818     0.0526077
5.50079     5.79151     0.00290722     0.0528509
10.7141     11.2813     0.00567186     0.0529382
18.4907     19.4657     0.00975005     0.0527294
29.4007     30.8837     0.0148304     0.0504423
44.3802     46.0742     0.0169393     0.0381686
65.576     65.576     0     0

0.00202092     0.00202092     0     0
0.0967093     0.100952     4.24288e-005     0.0438725
0.704374     0.741567     0.000371929     0.0528028
2.33681     2.46221     0.00125395     0.0536608
5.50598     5.8028     0.00296821     0.0539088
10.7242     11.3033     0.00579071     0.0539965
18.5085     19.5037     0.00995205     0.0537701
29.4321     30.944     0.0151187     0.051368
44.4434     46.1641     0.017207     0.0387166
65.704     65.704     0     0

0.00202317     0.00202317     0     0
0.0968113     0.101143     4.33197e-005     0.0447465
0.705043     0.743004     0.000379612     0.0538423
2.33902     2.467     0.00127984     0.054717
5.51117     5.81412     0.00302948     0.0549698
10.7344     11.3254     0.00591011     0.0550578
18.5263     19.5418     0.0101548     0.054813
29.4637     31.0044     0.0154073     0.0522926
44.5069     46.2543     0.0174736     0.0392604
65.8324     65.8324     0     0

0.00202543     0.00202543     0     0
0.0969135     0.101335     4.42153e-005     0.0456235
0.705714     0.744447     0.00038733     0.0548849
2.34123     2.47181     0.00130585     0.0557763
5.51637     5.82548     0.00309104     0.0560339
10.7445     11.3475     0.00603005     0.0561221
18.5442     19.58     0.0103584     0.0558579
29.4955     31.0651     0.0156963     0.0532161
44.5709     46.3448     0.0177392     0.0398001
65.9613     65.9613     0     0

0.00202769     0.00202769     0     0
0.0970158     0.101527     4.51156e-005     0.0465034
0.706385     0.745894     0.000395085     0.0559306
2.34344     2.47664     0.00133198     0.0568388
5.52158     5.83687     0.00315289     0.0571012
10.7547     11.3697     0.00615054     0.0571894
18.5621     19.6184     0.0105627     0.0569048
29.5274     31.1259     0.0159857     0.0541384
44.6352     46.4356     0.0180039     0.0403356
66.0905     66.0905     0     0

0.00202995     0.00202995     0     0
0.0971182     0.10172     4.60207e-005     0.0473862
0.707058     0.747346     0.000402877     0.0569793
2.34566     2.48148     0.00135824     0.0579043
5.5268     5.8483     0.00321503     0.0581716
10.7649     11.392     0.00627158     0.0582598
18.5801     19.6568     0.0107679     0.0579538
29.5595     31.187     0.0162753     0.0550596
44.7     46.5267     0.0182675     0.040867
66.2202     66.2202     0     0

0.00203221     0.00203221     0     0
0.0972208     0.101914     4.69305e-005     0.048272
0.707732     0.748802     0.000410705     0.0580312
2.34788     2.48634     0.00138462     0.0589731
5.53203     5.85977     0.00327746     0.0592451
10.7751     11.4144     0.00639318     0.0593331
18.5981     19.6954     0.0109738     0.0590049
29.5917     31.2483     0.0165653     0.0559796
44.7651     46.6181     0.0185303     0.0413945
66.3503     66.3503     0     0

0.00203448     0.00203448     0     0
0.0973235     0.102108     4.78451e-005     0.0491608
0.708406     0.750263     0.00041857     0.0590862
2.3501     2.49122     0.00141112     0.060045
5.53726     5.87128     0.00334018     0.0603218
10.7853     11.4368     0.00651533     0.0604095
18.6161     19.7342     0.0111805     0.0600579
29.6241     31.3097     0.0168556     0.0568983
44.8306     46.7098     0.0187921     0.041918
66.4808     66.4808     0     0

0.00203674     0.00203674     0     0
0.0974264     0.102303     4.87645e-005     0.0500526
0.709082     0.751729     0.000426473     0.0601443
2.35233     2.49611     0.00143775     0.0611201
5.54251     5.88283     0.0034032     0.0614017
10.7955     11.4593     0.00663804     0.0614889
18.6342     19.773     0.0113879     0.061113
29.6567     31.3714     0.0171463     0.0578159
44.8965     46.8018     0.019053     0.0424377
66.6118     66.6118     0     0

0.00203902     0.00203902     0     0
0.0975294     0.102498     4.96887e-005     0.0509474
0.709759     0.7532     0.000434412     0.0612056
2.35456     2.50101     0.0014645     0.0621984
5.54776     5.89441     0.00346651     0.0624848
10.8058     11.4819     0.00676131     0.0625713
18.6524     19.812     0.0115962     0.06217
29.6895     31.4332     0.0174373     0.0587322
44.9628     46.8941     0.0193131     0.0429535
66.7431     66.7431     0     0

0.00204129     0.00204129     0     0
0.0976325     0.102694     5.06178e-005     0.0518453
0.710437     0.754676     0.000442389     0.0622701
2.3568     2.50594     0.00149138     0.0632798
5.55302     5.90603     0.00353012     0.0635711
10.816     11.5046     0.00688515     0.0636568
18.6706     19.8511     0.0118052     0.063229
29.7224     31.4953     0.0177286     0.0596472
45.0295     46.9867     0.0195723     0.0434656
66.875     66.875     0     0

0.00204357     0.00204357     0     0
0.0977358     0.102891     5.15518e-005     0.0527461
0.711116     0.756156     0.000450404     0.0633377
2.35904     2.51088     0.00151838     0.0643646
5.55829     5.91769     0.00359403     0.0646607
10.8263     11.5273     0.00700955     0.0647454
18.6888     19.8903     0.012015     0.06429
29.7555     31.5575     0.0180202     0.0605609
45.0965     47.0796     0.0198307     0.0439739
67.0072     67.0072     0     0

0.00204585     0.00204585     0     0
0.0978392     0.103088     5.24908e-005     0.05365
0.711796     0.757641     0.000458457     0.0644085
2.36128     2.51583     0.00154552     0.0654525
5.56356     5.92939     0.00365824     0.0657534
10.8366     11.5501     0.00713451     0.065837
18.7071     19.9297     0.0122256     0.0653528
29.7888     31.62     0.0183122     0.0614733
45.164     47.1728     0.0200883     0.0444786
67.1399     67.1399     0     0

0.00204813     0.00204813     0     0
0.0979427     0.103286     5.34346e-005     0.054557
0.712477     0.759131     0.000466548     0.0654826
2.36352     2.5208     0.00157278     0.0665437
5.56885     5.94112     0.00372275     0.0668495
10.847     11.573     0.00726005     0.0669317
18.7255     19.9692     0.012437     0.0664176
29.8223     31.6827     0.0186044     0.0623844
45.2318     47.2663     0.0203451     0.0449796
67.273     67.273     0     0

0.00205042     0.00205042     0     0
0.0980464     0.103485     5.43834e-005     0.055467
0.713159     0.760627     0.000474677     0.0665598
2.36577     2.52579     0.00160017     0.0676382
5.57414     5.9529     0.00378756     0.0679487
10.8573     11.5959     0.00738616     0.0680294
18.7439     20.0088     0.0126492     0.0674844
29.8559     31.7456     0.018897     0.0632942
45.3001     47.3602     0.0206012     0.0454771
67.4066     67.4066     0     0

0.00205271     0.00205271     0     0
0.0981503     0.103684     5.53373e-005     0.0563801
0.713842     0.762126     0.000482845     0.0676403
2.36803     2.53079     0.00162768     0.0687359
5.57945     5.96471     0.00385268     0.0690513
10.8677     11.619     0.00751284     0.0691302
18.7624     20.0486     0.0128622     0.0685529
29.8897     31.8087     0.01919     0.0642026
45.3687     47.4543     0.0208565     0.0459711
67.5406     67.5406     0     0

0.002055     0.002055     0     0
0.0982542     0.103884     5.62961e-005     0.0572964
0.714526     0.763631     0.000491051     0.0687241
2.37028     2.53582     0.00165533     0.069837
5.58476     5.97657     0.00391811     0.0701572
10.878     11.6421     0.00764011     0.0702342
18.7809     20.0885     0.0130759     0.0696234
29.9237     31.872     0.0194832     0.0651096
45.4377     47.5488     0.0211111     0.0464616
67.675     67.675     0     0

0.0020573     0.0020573     0     0
0.0983583     0.104084     5.726e-005     0.0582157
0.715212     0.765141     0.000499297     0.0698111
2.37254     2.54085     0.00168311     0.0709413
5.59008     5.98846     0.00398384     0.0712663
10.8884     11.6652     0.00776795     0.0713412
18.7995     20.1285     0.0132904     0.0706957
29.9578     31.9355     0.0197767     0.0660153
45.5071     47.6435     0.0213649     0.0469486
67.8099     67.8099     0     0

0.0020596     0.0020596     0     0
0.0984626     0.104285     5.82289e-005     0.0591381
0.715898     0.766656     0.000507581     0.0709013
2.3748     2.54591     0.00171102     0.072049
5.5954     6.00039     0.00404988     0.0723788
10.8989     11.6885     0.00789637     0.0724513
18.8181     20.1686     0.0135057     0.0717699
29.9922     31.9992     0.0200706     0.0669195
45.5768     47.7386     0.0216181     0.0474323
67.9453     67.9453     0     0

0.0020619     0.0020619     0     0
0.098567     0.104487     5.9203e-005     0.0600637
0.716585     0.768176     0.000515905     0.0719949
2.37707     2.55098     0.00173907     0.07316
5.60074     6.01236     0.00411624     0.0734946
10.9093     11.7118     0.00802538     0.0735645
18.8368     20.2089     0.0137218     0.0728459
30.0267     32.0632     0.0203648     0.0678223
45.647     47.834     0.0218707     0.0479127
68.0811     68.0811     0     0

0.0020642     0.0020642     0     0
0.0986715     0.10469     6.01821e-005     0.0609924
0.717274     0.769701     0.000524269     0.0730918
2.37934     2.55607     0.00176724     0.0742744
5.60608     6.02438     0.00418291     0.0746137
10.9198     11.7353     0.00815497     0.0746808
18.8555     20.2494     0.0139387     0.0739237
30.0614     32.1273     0.0206593     0.0687237
45.7175     47.9298     0.0221226     0.0483897
68.2173     68.2173     0     0

0.00206651     0.00206651     0     0
0.0987762     0.104893     6.11665e-005     0.0619243
0.717964     0.771231     0.000532672     0.074192
2.38162     2.56117     0.00179555     0.0753921
5.61144     6.03643     0.00424989     0.0757362
10.9302     11.7588     0.00828515     0.0758002
18.8743     20.2899     0.0141563     0.0750033
30.0963     32.1917     0.0209541     0.0696237
45.7884     48.0258     0.0223739     0.0488636
68.354     68.354     0     0

0.00206882     0.00206882     0     0
0.098881     0.105097     6.2156e-005     0.0628593
0.718654     0.772766     0.000541115     0.0752956
2.38389     2.56629     0.00182399     0.0765132
5.6168     6.04852     0.00431719     0.0768621
10.9407     11.7823     0.00841592     0.0769228
18.8931     20.3306     0.0143748     0.0760846
30.1313     32.2563     0.0212493     0.0705222
45.8597     48.1222     0.0226245     0.0493342
68.4912     68.4912     0     0

0.00207114     0.00207114     0     0
0.098986     0.105301     6.31507e-005     0.0637976
0.719346     0.774306     0.000549598     0.0764025
2.38617     2.57143     0.00185257     0.0776377
5.62217     6.06065     0.00438481     0.0779914
10.9513     11.806     0.00854729     0.0780485
18.912     20.3714     0.014594     0.0771677
30.1666     32.321     0.0215447     0.0714193
45.9314     48.2188     0.0228746     0.0498017
68.6288     68.6288     0     0

0.00207345     0.00207345     0     0
0.0990911     0.105506     6.41506e-005     0.064739
0.720039     0.775851     0.000558122     0.0775127
2.38846     2.57659     0.00188129     0.0787657
5.62755     6.07282     0.00445275     0.079124
10.9618     11.8297     0.00867925     0.0791773
18.931     20.4124     0.014814     0.0782526
30.202     32.3861     0.0218405     0.0723148
46.0034     48.3158     0.0231241     0.050266
68.7669     68.7669     0     0

0.00207577     0.00207577     0     0
0.0991963     0.105712     6.51558e-005     0.0656837
0.720733     0.777402     0.000566686     0.0786264
2.39075     2.58176     0.00191014     0.079897
5.63294     6.08504     0.004521     0.0802601
10.9723     11.8535     0.0088118     0.0803092
18.95     20.4535     0.0150348     0.0793392
30.2376     32.4513     0.0221366     0.0732089
46.0759     48.4132     0.0233731     0.0507273
68.9055     68.9055     0     0

0.0020781     0.0020781     0     0
0.0993017     0.105918     6.61663e-005     0.0666316
0.721428     0.778957     0.000575291     0.0797434
2.39304     2.58695     0.00193912     0.0810318
5.63834     6.09729     0.00458958     0.0813996
10.9829     11.8774     0.00894496     0.0814443
18.9691     20.4947     0.0152564     0.0804275
30.2734     32.5167     0.0224331     0.0741015
46.1487     48.5108     0.0236215     0.0511856
69.0445     69.0445     0     0

0.00208042     0.00208042     0     0
0.0994073     0.106125     6.71821e-005     0.0675827
0.722124     0.780518     0.000583938     0.0808639
2.39534     2.59216     0.00196825     0.0821701
5.64374     6.10959     0.00465849     0.0825426
10.9935     11.9014     0.00907872     0.0825826
18.9883     20.5361     0.0154788     0.0815175
30.3094     32.5824     0.0227298     0.0749926
46.2219     48.6088     0.0238694     0.0516408
69.184     69.184     0     0

0.00208275     0.00208275     0     0
0.0995129     0.106333     6.82033e-005     0.0685371
0.722822     0.782084     0.000592625     0.0819878
2.39763     2.59739     0.00199751     0.0833118
5.64916     6.12193     0.00472772     0.083689
11.0041     11.9254     0.00921309     0.083724
19.0075     20.5777     0.0157019     0.0826092
30.3456     32.6483     0.0230269     0.0758822
46.2955     48.7071     0.0241168     0.0520931
69.3239     69.3239     0     0

0.00208508     0.00208508     0     0
0.0996188     0.106542     6.92298e-005     0.0694947
0.72352     0.783655     0.000601354     0.0831151
2.39994     2.60263     0.00202692     0.084457
5.65458     6.13431     0.00479728     0.0848388
11.0148     11.9496     0.00934807     0.0848685
19.0267     20.6193     0.0159259     0.0837025
30.382     32.7144     0.0233243     0.0767703
46.3694     48.8058     0.0243637     0.0525425
69.4643     69.4643     0     0

0.00208742     0.00208742     0     0
0.0997247     0.106751     7.02617e-005     0.0704557
0.724219     0.785232     0.000610125     0.0842459
2.40224     2.60789     0.00205646     0.0856057
5.66001     6.14673     0.00486717     0.0859922
11.0254     11.9738     0.00948365     0.0860162
19.0461     20.6611     0.0161506     0.0847976
30.4186     32.7808     0.0236221     0.0776568
46.4438     48.9048     0.0246101     0.052989
69.6052     69.6052     0     0

0.00208976     0.00208976     0     0
0.0998308     0.106961     7.12991e-005     0.0714199
0.72492     0.786814     0.000618938     0.0853801
2.40455     2.61317     0.00208614     0.086758
5.66545     6.15919     0.00493739     0.087149
11.0361     11.9981     0.00961984     0.0871671
19.0654     20.7031     0.0163761     0.0858942
30.4553     32.8473     0.0239201     0.0785418
46.5185     49.0041     0.0248561     0.0534327
69.7466     69.7466     0     0

0.0020921     0.0020921     0     0
0.0999371     0.107171     7.23419e-005     0.0723874
0.725622     0.788401     0.000627793     0.0865179
2.40687     2.61847     0.00211597     0.0879138
5.6709     6.17169     0.00500794     0.0883094
11.0468     12.0225     0.00975665     0.0883211
19.0849     20.7451     0.0166024     0.0869925
30.4923     32.9141     0.0242186     0.0794253
46.5936     49.1038     0.0251016     0.0538736
69.8885     69.8885     0     0

0.00209444     0.00209444     0     0
0.100044     0.107383     7.33902e-005     0.0733583
0.726324     0.789993     0.00063669     0.0876591
2.40919     2.62378     0.00214594     0.0890731
5.67636     6.18424     0.00507883     0.0894733
11.0575     12.0469     0.00989408     0.0894784
19.1044     20.7874     0.0168295     0.0880923
30.5294     32.9811     0.0245173     0.0803072
46.6691     49.2038     0.0253467     0.0543116
70.0308     70.0308     0     0

0.00209679     0.00209679     0     0
0.10015     0.107594     7.4444e-005     0.0743325
0.727028     0.791591     0.00064563     0.0888039
2.41151     2.62911     0.00217605     0.090236
5.68183     6.19683     0.00515005     0.0906407
11.0683     12.0715     0.0100321     0.0906388
19.124     20.8297     0.0170574     0.0891938
30.5667     33.0484     0.0248164     0.0811875
46.7449     49.3041     0.0255914     0.054747
70.1736     70.1736     0     0

0.00209914     0.00209914     0     0
0.100257     0.107807     7.55034e-005     0.07531
0.727733     0.793195     0.000654613     0.0899522
2.41383     2.63446     0.0022063     0.0914024
5.6873     6.20947     0.00522161     0.0918117
11.079     12.0961     0.0101708     0.0918024
19.1436     20.8723     0.0172861     0.0902968
30.6043     33.1158     0.0251158     0.0820663
46.8212     49.4048     0.0258358     0.0551796
70.3169     70.3169     0     0

0.00210149     0.00210149     0     0
0.100364     0.10802     7.65684e-005     0.076291
0.72844     0.794803     0.000663638     0.0911041
2.41616     2.63983     0.0022367     0.0925725
5.69279     6.22214     0.00529351     0.0929862
11.0898     12.1208     0.0103101     0.0929691
19.1634     20.9149     0.0175156     0.0914014
30.642     33.1835     0.0254155     0.0829435
46.8978     49.5058     0.0260797     0.0556096
70.4607     70.4607     0     0

0.00210385     0.00210385     0     0
0.100471     0.108235     7.76389e-005     0.0772753
0.729147     0.796418     0.000672708     0.0922595
2.41849     2.64522     0.00226725     0.0937462
5.69828     6.23486     0.00536575     0.0941644
11.1006     12.1456     0.01045     0.0941391
19.1831     20.9577     0.0177458     0.0925075
30.6799     33.2515     0.0257156     0.0838192
46.9748     49.6072     0.0263232     0.0560369
70.605     70.605     0     0

0.00210621     0.00210621     0     0
0.100578     0.108449     7.87151e-005     0.078263
0.729855     0.798037     0.00068182     0.0934186
2.42083     2.65062     0.00229794     0.0949235
5.70379     6.24762     0.00543834     0.0953461
11.1114     12.1705     0.0105906     0.0953123
19.203     21.0007     0.0179769     0.0936152
30.718     33.3196     0.0260161     0.0846932
47.0522     49.7089     0.0265665     0.0564617
70.7498     70.7498     0     0

0.00210857     0.00210857     0     0
0.100685     0.108665     7.9797e-005     0.0792541
0.730565     0.799662     0.000690977     0.0945812
2.42317     2.65605     0.00232878     0.0961045
5.7093     6.26043     0.00551127     0.0965314
11.1223     12.1955     0.0107317     0.0964887
19.2229     21.0438     0.0182088     0.0947244
30.7564     33.388     0.0263169     0.0855657
47.13     49.8109     0.0268093     0.0568838
70.8951     70.8951     0     0

0.00211094     0.00211094     0     0
0.100792     0.108881     8.08846e-005     0.0802486
0.731275     0.801293     0.000700177     0.0957474
2.42551     2.66149     0.00235976     0.0972891
5.71482     6.27328     0.00558455     0.0977204
11.1331     12.2205     0.0108736     0.0976683
19.2429     21.087     0.0184414     0.0958351
30.7949     33.4567     0.026618     0.0864366
47.2081     49.9133     0.0270519     0.0573034
71.0409     71.0409     0     0

0.00211331     0.00211331     0     0
0.1009     0.109098     8.19779e-005     0.0812466
0.731987     0.802929     0.000709422     0.0969173
2.42786     2.66695     0.0023909     0.0984775
5.72035     6.28617     0.00565818     0.098913
11.144     12.2456     0.011016     0.0988511
19.2629     21.1304     0.0186749     0.0969473
30.8336     33.5255     0.0269195     0.0873059
47.2867     50.0161     0.0272941     0.0577205
71.1871     71.1871     0     0

0.00211568     0.00211568     0     0
0.101008     0.109316     8.30769e-005     0.082248
0.7327     0.804571     0.000718712     0.0980908
2.43021     2.67243     0.00242218     0.0996695
5.7259     6.29911     0.00573215     0.100109
11.155     12.2709     0.0111591     0.100037
19.283     21.174     0.0189091     0.0980609
30.8725     33.5946     0.0272214     0.0881736
47.3656     50.1192     0.0275361     0.0581352
71.3339     71.3339     0     0

0.00211806     0.00211806     0     0
0.101116     0.109534     8.41818e-005     0.083253
0.733414     0.806219     0.000728046     0.099268
2.43257     2.67793     0.00245362     0.100865
5.73145     6.31209     0.00580648     0.101309
11.1659     12.2962     0.0113028     0.101226
19.3032     21.2176     0.0191442     0.099176
30.9116     33.664     0.0275236     0.0890397
47.4449     50.2227     0.0277777     0.0585474
71.4812     71.4812     0     0

0.00212044     0.00212044     0     0
0.101224     0.109753     8.52925e-005     0.0842613
0.734129     0.807872     0.000737425     0.100449
2.43493     2.68345     0.0024852     0.102065
5.737     6.32512     0.00588117     0.102513
11.1769     12.3216     0.0114472     0.102419
19.3235     21.2615     0.01938     0.100293
30.9509     33.7336     0.0278262     0.0899042
47.5246     50.3265     0.0280191     0.0589571
71.629     71.629     0     0

0.00212282     0.00212282     0     0
0.101332     0.109973     8.6409e-005     0.0852732
0.734846     0.809531     0.000746849     0.101634
2.43729     2.68898     0.00251694     0.103268
5.74257     6.33819     0.0059562     0.10372
11.1878     12.3471     0.0115922     0.103614
19.3438     21.3055     0.0196167     0.101411
30.9905     33.8034     0.0281291     0.0907671
47.6047     50.4307     0.0282603     0.0593645
71.7773     71.7773     0     0

0.00212521     0.00212521     0     0
0.10144     0.110193     8.75314e-005     0.0862887
0.735563     0.811195     0.000756319     0.102822
2.43966     2.69454     0.00254883     0.104475
5.74815     6.35131     0.0060316     0.104931
11.1988     12.3726     0.0117379     0.104813
19.3642     21.3496     0.0198541     0.10253
31.0302     33.8735     0.0284325     0.0916283
47.6851     50.5352     0.0285011     0.0597695
71.9261     71.9261     0     0

